nbNodes
77
nbVehi
15
nbServi
6
r
1 1 1 1 1 1
0 0 0 1 0 0
1 0 0 0 0 0
0 0 0 1 0 0
1 0 0 0 0 0
0 0 0 0 1 0
0 0 0 0 1 0
0 1 0 0 0 0
0 0 0 0 1 0
0 0 0 1 0 0
0 0 0 0 1 0
0 1 0 0 0 0
0 0 0 0 0 1
0 0 0 1 0 0
1 0 0 0 0 0
0 0 0 1 0 0
1 0 0 0 0 0
0 0 0 0 1 0
0 1 0 0 0 0
0 1 0 0 0 0
0 0 0 0 1 0
0 0 0 0 0 1
0 1 0 0 0 0
0 0 0 1 0 0
0 0 1 0 0 0
0 0 0 0 0 1
0 1 0 0 0 0
0 0 1 0 0 0
0 0 1 0 0 0
0 0 1 0 0 0
0 0 1 0 0 0
0 0 1 0 0 0
0 0 1 0 0 0
1 0 0 0 0 0
0 0 1 0 0 0
0 1 0 0 0 0
0 1 0 0 0 0
0 0 0 0 1 0
0 0 0 0 1 0
0 0 0 1 0 0
0 1 0 0 0 0
0 0 0 0 0 1
0 1 0 0 0 0
0 0 1 0 0 0
1 0 0 0 0 0
0 0 0 0 1 0
0 0 0 0 0 1
1 0 0 0 0 0
1 0 0 0 0 0
0 0 0 0 0 1
0 1 0 0 0 0
0 0 0 0 0 1
0 0 0 0 0 1
0 0 0 1 0 1
0 0 0 1 0 1
0 0 0 1 0 1
0 0 0 1 0 1
0 0 0 0 1 1
0 0 0 1 1 0
0 0 0 0 1 1
0 0 0 0 1 1
0 0 0 1 0 1
0 0 0 1 1 0
0 0 0 1 1 0
1 0 0 1 0 0
0 1 0 0 0 1
0 0 1 0 0 1
1 0 0 0 1 0
0 1 0 0 0 1
1 0 0 0 1 0
1 0 0 1 0 0
1 0 0 0 1 0
1 0 0 0 0 1
1 0 0 0 0 1
0 1 0 1 0 0
0 1 0 1 0 0
1 1 1 1 1 1
DS
76 75 74 73 72 71 70 69 68 67 66 65 64 63 62 61 60 59 58 57 56 55 54
a
1  1  0  0  0  0
0  0  1  0  0  0
0  0  1  0  0  0
0  1  1  0  0  0
0  0  1  0  0  0
0  0  0  1  1  1
0  0  0  0  1  1
0  0  0  0  0  1
0  0  0  1  1  1
0  0  0  1  0  1
0  0  0  1  1  0
0  0  0  1  1  0
0  0  0  0  0  1
0  0  0  1  1  1
0  0  0  1  1  0
x
13 93 46 97 81 23 91 95 86 73 93 95 35 74 8 48 72 17 10 55 39 92 68 98 41 5 71 81 8 8 60 36 36 90 99 22 68 51 63 79 33 8 88 79 48 37 7 36 23 32 13 63 71 0 31 3 64 59 27 56 38 83 69 61 94 24 6 61 54 75 45 14 44 4 68 0 13
y
34 42 20 1 23 0 8 39 0 17 12 9 48 44 24 8 37 27 31 27 24 33 9 48 3 18 24 15 16 49 10 37 15 33 20 9 25 43 3 24 44 31 5 42 21 38 30 18 27 6 4 36 0 41 23 2 46 19 46 5 42 20 1 24 15 35 9 12 18 8 3 38 30 34 43 0 34
d
0.0 80.399 35.846897 90.24966 68.88396 35.44009 82.219215 82.1523 80.529495 62.361847 82.96987 85.72631 26.076809 61.81424 11.18034 43.60046 59.07622 8.062258 4.2426405 42.579338 27.856777 79.00633 60.41523 86.145226 41.773197 17.888544 58.855755 70.60453 18.681541 15.811388 52.773098 23.194826 29.832869 77.00649 87.13208 26.57066 55.7315 39.051247 58.830265 66.75328 22.36068 5.8309517 80.411446 66.48308 37.336308 24.33105 7.2111025 28.01785 12.206555 33.83785 30.0 50.039986 67.23094 14.764823 21.095022 33.526108 52.392746 48.38388 18.439089 51.86521 26.24881 71.38628 65.0 49.0306 83.198555 11.045361 25.96151 52.801514 44.011364 67.23094 44.553337 4.1231055 31.257 9.0 55.7315 36.40055 0.0
80.399 0.0 51.894123 41.19466 22.472204 81.63332 34.058773 3.6055512 42.579338 32.01562 30.0 33.06055 58.30952 19.104973 86.88498 56.400356 21.587032 77.46612 83.725746 40.853397 56.920998 9.055386 41.400482 7.81025 65.0 91.214035 28.42534 29.546574 88.88757 85.28775 45.96738 57.21888 63.07139 9.486833 22.803509 78.29432 30.232433 42.0119 49.20366 22.803509 60.033325 85.70881 37.336308 14.0 49.658836 56.142673 86.833176 61.846584 71.5891 70.83079 88.56636 30.594116 47.41308 93.00538 64.84597 98.48858 29.274563 41.04875 66.1211 52.3259 55.0 24.166092 47.507893 36.71512 27.018513 69.354164 93.04838 43.863426 45.79301 38.470768 61.846584 79.101204 50.447994 89.358826 25.019993 102.044106 80.399
35.846897 51.894123 0.0 54.42426 35.128338 30.479502 46.572525 52.554733 44.72136 27.166155 47.67599 50.219517 30.083218 36.878178 38.209946 12.165525 31.06445 29.832869 37.64306 11.401754 8.062258 47.801674 24.596748 59.05929 17.720045 41.04875 25.317978 35.35534 38.209946 47.801674 17.20465 19.723083 11.18034 45.88028 53.0 26.400757 22.561028 23.537205 24.04163 33.24154 27.294687 39.56008 44.598206 39.661064 2.236068 20.12461 40.261642 10.198039 24.04163 19.79899 36.67424 23.345236 32.01562 50.566788 15.297058 46.615448 31.622776 13.038404 32.202484 18.027756 23.409399 37.0 29.832869 15.524175 48.259712 26.627054 41.484936 17.0 8.246211 31.38471 17.029387 36.71512 10.198039 44.27189 31.827662 50.159744 35.846897
90.24966 41.19466 54.42426 0.0 27.202942 74.00676 9.219544 38.052597 11.045361 28.84441 11.7046995 8.246211 77.801025 48.76474 91.92388 49.497475 43.829212 84.118965 92.02717 49.396355 62.39391 32.38827 30.083218 47.010635 56.0357 93.55747 34.713108 21.260292 90.255196 101.118744 38.078865 70.83079 62.58594 32.75668 19.104973 75.42546 37.64306 62.289646 34.058773 29.206163 77.10383 93.92018 9.848858 44.777225 52.924473 70.491135 94.55686 63.324562 78.434685 65.192024 84.05355 48.79549 26.019224 104.92378 69.57011 94.00532 55.803226 42.047592 83.21658 41.19466 71.84706 23.600847 28.0 42.72002 14.3178215 80.529495 91.350975 37.64306 46.238514 23.086792 52.03845 90.873535 60.41523 98.681305 51.0392 97.00516 90.24966
68.88396 22.472204 35.128338 27.202942 0.0 62.39391 18.027756 21.260292 23.537205 10.0 16.27882 19.79899 52.35456 22.135944 73.00685 36.249138 16.643316 64.12488 71.44928 26.305893 42.0119 14.866069 19.104973 30.232433 44.72136 76.1643 10.049875 8.0 73.33485 77.491936 24.698177 47.127487 45.705578 13.453624 18.248287 60.63827 13.152946 36.05551 26.907248 2.236068 52.392746 73.43705 19.313208 19.104973 33.06055 46.486557 74.330345 45.276924 58.137768 51.86521 70.60453 22.203604 25.079872 82.9759 50.0 80.77747 28.600698 22.36068 58.694122 30.805843 47.010635 3.6055512 25.059929 20.024984 15.264338 58.249462 76.29548 22.825424 27.45906 16.155495 41.18252 68.65858 37.65634 77.781746 23.853722 84.20214 68.88396
35.44009 81.63332 30.479502 74.00676 62.39391 0.0 68.46897 81.88406 63.0 52.810986 71.021126 72.56032 49.47727 67.357254 28.301943 26.24881 61.400326 27.658634 33.61547 41.868843 28.84441 76.48529 45.891174 89.04493 18.248287 25.455845 53.66563 59.908264 21.931713 51.24451 38.327538 39.217342 19.849434 74.68601 78.58753 9.055386 51.47815 51.312767 40.112343 60.926186 45.122055 34.43835 65.192024 70.0 32.649654 40.496914 34.0 22.203604 27.0 10.816654 10.770329 53.814495 48.0 47.010635 24.351591 20.09975 61.6198 40.706264 46.173584 33.37664 44.598206 63.245552 46.010868 44.94441 72.56721 35.014282 19.235384 39.849716 35.846897 52.611786 22.203604 39.051247 36.619667 38.948685 62.241467 23.0 35.44009
82.219215 34.058773 46.572525 9.219544 18.027756 68.46897 0.0 31.257 9.433981 20.12461 4.472136 4.1231055 68.8186 39.812057 84.5281 43.0 34.669872 76.40026 84.20214 40.706264 54.405884 25.019993 23.021729 40.60788 50.24938 86.579445 25.612497 12.206555 83.38465 92.574295 31.06445 62.177166 55.443665 25.019993 14.422205 69.00725 28.600698 53.15073 28.442924 20.0 68.26419 86.127815 4.2426405 36.05551 44.922153 61.77378 86.833176 55.9017 70.60453 59.03389 78.10249 39.59798 21.540659 96.79876 61.846584 88.20431 46.615448 33.83785 74.431175 35.128338 62.968246 14.422205 23.086792 34.0 7.615773 72.235725 85.00588 30.265491 38.327538 16.0 46.270943 82.637764 51.894123 90.80198 41.880783 91.350975 82.219215
82.1523 3.6055512 52.554733 38.052597 21.260292 81.88406 31.257 0.0 40.024994 31.112698 27.073973 30.0 60.671246 21.587032 88.28363 56.302753 23.086792 78.91768 85.37564 41.761227 57.974133 6.708204 40.36087 9.486833 64.899925 92.417534 28.301943 27.784887 89.98889 87.57283 45.453274 59.03389 63.694584 7.81025 19.416489 78.92401 30.413813 44.181442 48.166378 21.931713 62.201286 87.36704 34.713108 16.27882 50.32892 58.00862 88.45903 62.625874 72.99315 71.11962 89.157166 32.140316 45.79301 95.02105 65.96969 99.16148 31.780497 41.18252 68.359344 51.739735 57.07889 22.472204 46.043457 37.161808 24.020824 71.11259 93.92018 43.416588 46.06517 36.891735 61.611687 81.00617 51.78803 91.13726 27.294687 102.69372 82.1523
80.529495 42.579338 44.72136 11.045361 23.537205 63.0 9.433981 40.024994 0.0 21.400934 13.892444 12.727922 70.035706 45.607018 81.608826 38.832977 39.56008 74.094536 82.07923 41.109608 52.773098 33.54102 20.12461 49.47727 45.099888 82.9759 28.301943 15.811388 79.624115 92.11406 27.856777 62.201286 52.201534 33.24154 23.853722 64.629715 30.805843 55.443665 23.194826 25.0 68.88396 83.9345 5.3851647 42.579338 43.416588 62.008064 84.50444 53.14132 68.54196 54.33231 73.109505 42.72002 15.0 95.27329 59.615433 83.02409 50.990196 33.01515 74.8131 30.413813 63.780876 20.22375 17.029387 34.655445 17.0 71.19691 80.50466 27.730848 36.71512 13.601471 41.109608 81.41253 51.613953 88.76936 46.615448 86.0 80.529495
62.361847 32.01562 27.166155 28.84441 10.0 52.810986 20.12461 31.112698 21.400934 0.0 20.615528 23.409399 49.0408 27.018513 65.37584 26.57066 20.024984 56.88585 64.53681 20.59126 34.713108 24.839485 9.433981 39.824615 34.928497 68.007355 7.28011 8.246211 65.00769 72.44998 14.764823 42.059483 37.054016 23.345236 26.172504 51.62364 9.433981 34.058773 17.20465 9.219544 48.259712 66.4906 19.209373 25.70992 25.317978 41.677334 67.26812 37.01351 50.990196 42.44997 61.39218 21.470911 17.117243 76.843994 42.426407 71.5891 30.364452 14.142136 54.378304 20.808653 43.011627 10.440307 16.492422 13.892444 21.095022 52.201534 67.47592 13.0 19.026299 9.219544 31.304953 62.625874 31.780497 71.063354 26.476404 74.953316 62.361847
82.96987 30.0 47.67599 11.7046995 16.27882 71.021126 4.472136 27.073973 13.892444 20.615528 0.0 3.6055512 68.26419 37.215588 85.84288 45.17743 32.649654 77.46612 85.146935 40.853397 55.31727 21.023796 25.179358 36.345562 52.773098 88.20431 25.059929 12.369317 85.09406 92.70383 33.06055 62.241467 57.07889 21.213203 10.0 71.063354 28.178005 52.201534 31.320919 18.439089 68.0 87.09765 8.602325 33.105892 45.891174 61.741398 87.86353 57.31492 71.5891 61.294373 80.399 38.418747 25.059929 97.41663 62.968246 90.55385 44.687805 34.713108 74.24284 37.65634 62.649822 12.806249 26.400757 34.176014 3.1622777 72.73238 87.05171 32.0 39.45884 18.439089 48.83646 83.1685 52.201534 91.67879 39.824615 93.770996 82.96987
85.72631 33.06055 50.219517 8.246211 19.79899 72.56032 4.1231055 30.0 12.727922 23.409399 3.6055512 0.0 71.561165 40.81666 88.28363 47.010635 36.23534 80.04999 87.80091 43.863426 57.974133 24.186773 27.0 39.115215 54.33231 90.44888 28.301943 15.231546 87.28116 95.7549 35.014282 65.30697 59.3043 24.5153 11.7046995 73.0 31.38471 55.605755 32.55764 21.931713 71.19691 89.73851 8.062258 36.67424 48.507732 64.84597 90.47099 59.682495 74.215904 63.07139 82.1523 41.868843 25.632011 100.2447 65.51336 92.26592 48.270073 37.363083 77.41447 39.20459 65.863495 16.27882 27.202942 37.161808 6.0827627 75.61085 89.0 34.132095 41.976185 20.024984 50.358715 86.034874 55.154327 94.371605 43.416588 95.42536 85.72631
26.076809 58.30952 30.083218 77.801025 52.35456 49.47727 68.8186 60.671246 70.035706 49.0408 68.26419 71.561165 0.0 39.20459 36.124783 42.059483 38.600517 27.658634 30.232433 29.0 24.33105 58.940647 51.088158 63.0 45.39824 42.426407 43.266617 56.61272 41.868843 27.018513 45.486263 11.045361 33.01515 57.00877 69.856995 41.109608 40.22437 16.763054 53.0 50.119858 4.472136 31.906113 68.24954 44.407207 29.966648 10.198039 33.286633 30.016663 24.186773 42.107006 49.193497 30.463093 60.0 35.69314 25.317978 56.0357 29.068884 37.64306 8.246211 47.853943 6.708204 55.569775 58.00862 35.383614 67.601776 17.029387 48.60041 44.407207 35.510563 56.568542 46.09772 23.259407 20.12461 34.0147 33.37664 59.405388 26.076809
61.81424 19.104973 36.878178 48.76474 22.135944 67.357254 39.812057 21.587032 45.607018 27.018513 37.215588 40.81666 39.20459 0.0 68.96376 44.407207 7.28011 59.48109 65.30697 25.495098 40.311287 21.095022 35.510563 24.33105 52.63079 73.736015 20.22375 29.832869 71.693794 66.189125 36.769554 38.63936 47.801674 19.416489 34.655445 62.681736 19.924858 23.021729 42.44997 20.615528 41.0 67.26812 41.4367 5.3851647 34.713108 37.48333 68.44706 46.043457 53.75872 56.63921 72.94518 13.601471 44.102154 74.06078 47.853943 82.492424 10.198039 29.15476 47.042534 42.953465 36.05551 25.632011 43.289722 23.853722 35.22783 50.803543 76.47875 34.539833 32.80244 36.013885 50.219517 60.299255 33.105892 70.71068 6.0827627 86.09297 61.81424
11.18034 86.88498 38.209946 91.92388 73.00685 28.301943 84.5281 88.28363 81.608826 65.37584 85.84288 88.28363 36.124783 68.96376 0.0 43.081318 65.30697 9.486833 7.28011 47.095646 31.0 84.48077 61.846584 93.14505 39.115215 6.708204 63.0 73.552704 8.0 25.0 53.851646 30.870699 29.410883 82.492424 91.08787 20.518284 60.00833 47.010635 58.872746 71.0 32.01562 7.0 82.2253 73.24616 40.112343 32.202484 6.0827627 28.635643 15.297058 30.0 20.615528 56.293873 67.41662 18.788294 23.021729 22.561028 60.166435 51.24451 29.068884 51.62364 34.98571 75.10659 65.192024 53.0 86.46965 19.416489 15.132746 54.34151 46.389652 68.88396 42.544094 15.231546 36.496574 10.770329 62.936478 25.298222 11.18034
43.60046 56.400356 12.165525 49.497475 36.249138 26.24881 43.0 56.302753 38.832977 26.57066 45.17743 47.010635 42.059483 44.407207 43.081318 0.0 37.64306 36.359318 44.418465 20.248457 18.35756 50.606323 20.024984 64.03124 8.602325 44.14748 28.01785 33.734257 40.792156 57.280014 12.165525 31.38471 13.892444 48.8774 52.392746 26.019224 26.24881 35.128338 15.811388 34.88553 39.0 46.141087 40.112343 46.010868 13.0 31.95309 46.52956 15.6205 31.400637 16.124516 35.22783 31.764761 24.351591 58.249462 22.671568 45.39824 41.231056 15.556349 43.416588 8.5440035 35.44009 37.0 22.135944 20.615528 46.52956 36.124783 42.0119 13.601471 11.661903 27.0 5.8309517 45.343136 22.36068 51.10773 40.311287 48.6621 43.60046
59.07622 21.587032 31.06445 43.829212 16.643316 61.400326 34.669872 23.086792 39.56008 20.024984 32.649654 36.23534 38.600517 7.28011 65.30697 37.64306 0.0 55.9017 62.289646 19.723083 35.468296 20.396078 28.284271 28.231188 46.010868 69.641945 13.038404 23.769728 67.357254 65.11528 29.546574 36.0 42.190044 18.439089 31.906113 57.306194 12.649111 21.84033 35.17101 14.764823 39.623226 64.28063 35.77709 8.602325 28.84441 35.014282 65.37584 40.706264 50.01 50.606323 67.601776 9.055386 37.01351 72.11102 43.32436 77.36925 12.0415945 22.203604 45.891174 35.77709 34.36568 20.248457 36.124783 17.029387 31.112698 48.04165 71.693794 27.313 26.172504 29.15476 43.416588 58.00862 28.86174 68.06615 7.2111025 80.9506 59.07622
8.062258 77.46612 29.832869 84.118965 64.12488 27.658634 76.40026 78.91768 74.094536 56.88585 77.46612 80.04999 27.658634 59.48109 9.486833 36.359318 55.9017 0.0 8.062258 38.0 22.203604 75.23962 54.08327 83.677956 33.941124 15.0 54.08327 65.11528 14.21267 23.769728 46.238514 21.470911 22.472204 73.24616 82.29824 18.681541 51.0392 37.576588 51.884487 62.072536 23.345236 9.848858 74.330345 63.788715 31.575306 22.825424 10.440307 21.023796 6.0 25.806976 23.345236 46.872166 60.373837 22.022715 14.56022 28.653097 50.695168 42.755116 21.470911 44.777225 25.806976 66.37017 58.137768 44.102154 77.92946 10.630146 21.095022 46.486557 38.078865 61.03278 36.878178 11.401754 27.166155 14.764823 53.450912 31.906113 8.062258
4.2426405 83.725746 37.64306 92.02717 71.44928 33.61547 84.20214 85.37564 82.07923 64.53681 85.146935 87.80091 30.232433 65.30697 7.28011 44.418465 62.289646 8.062258 0.0 45.17743 29.832869 82.02438 62.03225 89.62701 41.773197 13.928389 61.400326 72.780495 15.132746 18.110771 54.230988 26.683329 30.528675 80.024994 89.6772 25.059929 58.30952 42.72002 59.94164 69.354164 26.41969 2.0 82.219215 69.87131 39.293766 27.89265 3.1622777 29.068884 13.601471 33.30165 27.166155 53.235325 68.42514 14.142136 22.472204 29.832869 56.044624 50.447994 22.671568 52.83938 30.083218 73.82411 66.189125 51.47815 85.51023 14.56022 22.36068 54.42426 45.88028 68.94926 44.82187 8.062258 34.0147 6.708204 59.22837 32.572994 4.2426405
42.579338 40.853397 11.401754 49.396355 26.305893 41.868843 40.706264 41.761227 41.109608 20.59126 40.853397 43.863426 29.0 25.495098 47.095646 20.248457 19.723083 38.0 45.17743 0.0 16.27882 37.48333 22.203604 47.853943 27.784887 50.803543 16.27882 28.635643 48.270073 51.894123 17.720045 21.470911 22.472204 35.510563 44.553337 37.589893 13.152946 16.492422 25.298222 24.186773 27.802877 47.169907 39.661064 28.301943 9.219544 21.095022 48.09366 21.023796 32.0 31.144823 47.88528 12.0415945 31.38471 56.753853 24.33105 57.697487 21.023796 8.944272 33.83785 22.022715 22.671568 28.86174 29.529646 6.708204 40.804413 32.01562 52.201534 16.155495 9.055386 27.58623 26.0 42.44997 11.401754 51.47815 20.615528 61.269894 42.579338
27.856777 56.920998 8.062258 62.39391 42.0119 28.84441 54.405884 57.974133 52.773098 34.713108 55.31727 57.974133 24.33105 40.311287 31.0 18.35756 35.468296 22.203604 29.832869 16.27882 0.0 53.75872 32.649654 63.694584 21.095022 34.525352 32.0 42.953465 32.01562 39.824615 25.23886 13.341664 9.486833 51.78803 60.133186 22.671568 29.017237 22.472204 31.890438 40.0 20.880613 31.780497 52.554733 43.863426 9.486833 14.142136 32.55764 6.708204 16.27882 19.313208 32.80244 26.832815 40.0 42.544094 8.062258 42.190044 33.30165 20.615528 25.059929 25.495098 18.027756 44.181442 37.802116 22.0 55.7315 18.601076 36.249138 25.059929 16.155495 39.39543 21.84033 28.653097 7.81025 36.40055 34.669872 45.79301 27.856777
79.00633 9.055386 47.801674 32.38827 14.866069 76.48529 25.019993 6.708204 33.54102 24.839485 21.023796 24.186773 58.940647 21.095022 84.48077 50.606323 20.396078 75.23962 82.02438 37.48333 53.75872 0.0 33.941124 16.155495 59.16925 88.28363 22.847319 21.095022 85.70297 85.51023 39.40812 56.142673 58.821766 2.0 14.764823 74.0 25.298222 42.201897 41.725292 15.811388 60.016663 84.0238 28.284271 15.811388 45.607018 55.226807 85.052925 57.974133 69.260376 65.795135 84.15462 29.15476 39.115215 92.34717 61.81424 94.24436 30.870699 35.846897 66.287254 45.607018 54.74486 15.811388 39.40812 32.280025 18.110771 68.0294 89.28606 37.44329 40.853397 30.232433 55.758408 78.160095 48.09366 88.005684 26.0 97.73945 79.00633
60.41523 41.400482 24.596748 30.083218 19.104973 45.891174 23.021729 40.36087 20.12461 9.433981 25.179358 27.0 51.088158 35.510563 61.846584 20.024984 28.284271 54.08327 62.03225 22.203604 32.649654 33.941124 0.0 49.20366 27.658634 63.63961 15.297058 14.3178215 60.40695 72.11102 8.062258 42.520584 32.55764 32.55764 32.89377 46.0 16.0 38.013157 7.81025 18.601076 49.497475 63.90618 20.396078 34.785053 23.323807 42.44997 64.513565 33.24154 48.466484 36.124783 55.226807 27.45906 9.486833 75.153175 39.56008 65.37584 37.215588 13.453624 55.226807 12.649111 44.598206 18.601076 8.062258 16.552946 26.683329 51.10773 62.0 7.615773 16.643316 7.071068 23.769728 61.294373 31.890438 68.70953 34.0 68.593 60.41523
86.145226 7.81025 59.05929 47.010635 30.232433 89.04493 40.60788 9.486833 49.47727 39.824615 36.345562 39.115215 63.0 24.33105 93.14505 64.03124 28.231188 83.677956 89.62701 47.853943 63.694584 16.155495 49.20366 0.0 72.62231 97.71899 36.124783 37.12142 95.51963 90.005554 53.740116 62.968246 70.23532 17.0 28.01785 85.42248 37.802116 47.26521 57.00877 30.610456 65.12296 91.591484 44.14748 19.924858 56.82429 61.81424 92.76314 68.8767 77.88453 78.23043 95.71311 37.0 55.072678 98.24968 71.51224 105.550934 34.058773 48.60041 71.02816 60.108234 60.299255 31.764761 55.226807 44.102154 33.24154 75.13322 99.92497 51.62364 53.25411 46.141087 69.52697 84.59315 56.920998 95.036835 30.413813 109.12378 86.145226
41.773197 65.0 17.720045 56.0357 44.72136 18.248287 50.24938 64.899925 45.099888 34.928497 52.773098 54.33231 45.39824 52.63079 39.115215 8.602325 46.010868 33.941124 41.773197 27.784887 21.095022 59.16925 27.658634 72.62231 0.0 39.0 36.619667 41.761227 35.468296 56.61272 20.248457 34.36568 13.0 57.45433 60.440052 19.924858 34.828148 41.231056 22.0 43.416588 41.773197 43.27817 47.042534 54.451813 19.313208 35.22783 43.416588 15.811388 30.0 9.486833 28.01785 39.661064 30.149628 55.9017 22.36068 38.013157 48.76474 24.083189 45.221676 15.132746 39.115215 45.310043 28.071337 29.0 54.34151 36.23534 35.510563 21.931713 19.849434 34.36568 4.0 44.20407 27.166155 48.270073 48.259712 41.109608 41.773197
17.888544 91.214035 41.04875 93.55747 76.1643 25.455845 86.579445 92.417534 82.9759 68.007355 88.20431 90.44888 42.426407 73.736015 6.708204 44.14748 69.641945 15.0 13.928389 50.803543 34.525352 88.28363 63.63961 97.71899 39.0 0.0 66.27216 76.05919 3.6055512 31.144823 55.578773 36.359318 31.144823 86.313385 94.02127 19.235384 63.387695 52.35456 59.908264 74.24284 38.209946 13.341664 84.0119 77.7946 43.104523 37.735924 12.165525 31.0 20.12461 29.546574 16.124516 60.728905 68.41052 23.537205 26.476404 16.124516 65.30697 54.00926 35.608986 52.63079 40.804413 78.025635 66.21933 56.32051 89.050545 25.495098 9.055386 56.32051 49.0 70.71068 42.72002 21.931713 40.804413 16.03122 67.77905 18.681541 17.888544
58.855755 28.42534 25.317978 34.713108 10.049875 53.66563 25.612497 28.301943 28.301943 7.28011 25.059929 28.301943 43.266617 20.22375 63.0 28.01785 13.038404 54.08327 61.400326 16.27882 32.0 22.847319 15.297058 36.124783 36.619667 66.27216 0.0 13.453624 63.505905 67.77905 17.804493 37.336308 36.138622 21.023796 28.284271 51.24451 3.1622777 27.58623 22.472204 8.0 42.941822 63.387695 25.495098 19.697716 23.194826 36.769554 64.28063 35.510563 48.09366 42.953465 61.351448 14.422205 24.0 73.00685 40.012497 71.470276 23.086792 13.0 49.193497 24.207438 37.589893 12.649111 23.086792 10.0 24.698177 48.270073 66.70832 15.6205 18.027756 16.492422 33.42155 58.694122 27.658634 67.74216 19.235384 74.94665 58.855755
70.60453 29.546574 35.35534 21.260292 8.0 59.908264 12.206555 27.784887 15.811388 8.246211 12.369317 15.231546 56.61272 29.832869 73.552704 33.734257 23.769728 65.11528 72.780495 28.635643 42.953465 21.095022 14.3178215 37.12142 41.761227 76.05919 13.453624 0.0 73.00685 80.529495 21.587032 50.08992 45.0 20.12461 18.681541 59.3043 16.40122 41.036568 21.633308 9.219544 56.0803 74.73286 12.206555 27.073973 33.54102 49.648766 75.50497 45.099888 59.22837 49.819675 68.88396 27.658634 18.027756 85.07056 50.635956 79.07591 35.35534 22.36068 62.26556 26.925823 50.77401 5.3851647 18.439089 21.931713 13.0 60.40695 75.23962 20.22375 27.166155 9.219544 37.94733 70.837845 39.92493 79.30952 30.870699 82.37718 70.60453
18.681541 88.88757 38.209946 90.255196 73.33485 21.931713 83.38465 89.98889 79.624115 65.00769 85.09406 87.28116 41.868843 71.693794 8.0 40.792156 67.357254 14.21267 15.132746 48.270073 32.01562 85.70297 60.40695 95.51963 35.468296 3.6055512 63.505905 73.00685 0.0 33.0 52.34501 35.0 28.01785 83.74366 91.08787 15.652476 60.671246 50.77401 56.515484 71.44928 37.536648 15.0 80.75271 75.61085 40.311287 36.40055 14.035668 28.071337 18.601076 26.0 13.0 58.5235 65.0 26.24881 24.04163 14.866069 63.529522 51.088158 35.510563 49.24429 39.698868 75.10659 62.817196 53.600372 86.00581 24.839485 7.28011 53.15073 46.043457 67.47592 39.217342 22.803509 38.626415 18.439089 65.795135 17.888544 18.681541
15.811388 85.28775 47.801674 101.118744 77.491936 51.24451 92.574295 87.57283 92.11406 72.44998 92.70383 95.7549 27.018513 66.189125 25.0 57.280014 65.11528 23.769728 18.110771 51.894123 39.824615 85.51023 72.11102 90.005554 56.61272 31.144823 67.77905 80.529495 33.0 0.0 65.0 30.463093 44.04543 83.546394 95.50916 42.379242 64.62198 43.416588 71.70077 75.272835 25.495098 18.0 91.3017 71.34424 48.82622 31.016125 19.026299 41.773197 26.627054 49.24429 45.276924 56.515484 79.81228 11.313708 34.713108 47.26521 56.0803 59.16925 19.235384 65.11528 30.805843 80.411446 77.62087 58.60034 92.47703 21.260292 40.04997 64.63745 55.470715 78.54935 59.03389 12.529964 40.706264 15.524175 60.299255 49.648766 15.811388
52.773098 45.96738 17.20465 38.078865 24.698177 38.327538 31.06445 45.453274 27.856777 14.764823 33.06055 35.014282 45.486263 36.769554 53.851646 12.165525 29.546574 46.238514 54.230988 17.720045 25.23886 39.40812 8.062258 53.740116 20.248457 55.578773 17.804493 21.587032 52.34501 65.0 0.0 36.124783 24.5153 37.802116 40.261642 38.013157 17.0 34.20526 7.615773 23.600847 43.416588 56.0803 28.442924 37.215588 16.27882 36.23534 56.648037 25.298222 40.718548 28.284271 47.38143 26.172504 14.866069 67.53518 31.780497 57.558666 36.221542 9.055386 48.83646 6.4031243 38.832977 25.079872 12.727922 14.035668 34.36568 43.829212 54.00926 2.236068 10.0 15.132746 16.552946 53.851646 25.612497 60.926186 33.955853 60.827625 52.773098
23.194826 57.21888 19.723083 70.83079 47.127487 39.217342 62.177166 59.03389 62.201286 42.059483 62.241467 65.30697 11.045361 38.63936 30.870699 31.38471 36.0 21.470911 26.683329 21.470911 13.341664 56.142673 42.520584 62.968246 34.36568 36.359318 37.336308 50.08992 35.0 30.463093 36.124783 0.0 22.0 54.147945 65.25335 31.304953 34.176014 16.155495 43.416588 44.922153 7.615773 28.635643 61.05735 43.289722 20.0 1.4142135 29.832869 19.0 16.40122 31.257 40.22437 27.018513 50.931328 36.221542 14.866069 48.104053 29.410883 29.206163 12.727922 37.735924 5.3851647 49.979996 48.83646 28.178005 62.03225 12.165525 41.036568 35.35534 26.172504 48.60041 35.17101 22.022715 10.630146 32.140316 32.55764 51.62364 23.194826
29.832869 63.07139 11.18034 62.58594 45.705578 19.849434 55.443665 63.694584 52.201534 37.054016 57.07889 59.3043 33.01515 47.801674 29.410883 13.892444 42.190044 22.472204 30.528675 22.472204 9.486833 58.821766 32.55764 70.23532 13.0 31.144823 36.138622 45.0 28.01785 44.04543 24.5153 22.0 0.0 56.920998 63.1981 15.231546 33.526108 31.764761 29.546574 43.931767 29.15476 32.24903 52.95281 50.77401 13.416408 23.021729 32.649654 3.0 17.691807 9.848858 25.495098 34.20526 38.078865 44.407207 9.433981 35.468296 41.773197 23.345236 32.280025 22.36068 27.073973 47.26521 35.846897 26.57066 58.0 23.323807 30.594116 25.179358 18.248287 39.623226 15.0 31.827662 17.0 37.215588 42.520584 39.0 29.832869
77.00649 9.486833 45.88028 32.75668 13.453624 74.68601 25.019993 7.81025 33.24154 23.345236 21.213203 24.5153 57.00877 19.416489 82.492424 48.8774 18.439089 73.24616 80.024994 35.510563 51.78803 2.0 32.55764 17.0 57.45433 86.313385 21.023796 20.12461 83.74366 83.546394 37.802116 54.147945 56.920998 0.0 15.811388 72.11102 23.409399 40.261642 40.36087 14.21267 58.0517 82.02438 28.071337 14.21267 43.68066 53.235325 83.0542 56.044624 67.26812 63.97656 82.28001 27.166155 38.078865 90.35486 59.841457 92.358 29.068884 34.0147 64.327286 44.04543 52.773098 14.764823 38.27532 30.364452 18.439089 66.0303 87.36132 35.805027 39.0 29.15476 54.08327 76.1643 46.09772 86.00581 24.166092 95.85927 77.00649
87.13208 22.803509 53.0 19.104973 18.248287 78.58753 14.422205 19.416489 23.853722 26.172504 10.0 11.7046995 69.856995 34.655445 91.08787 52.392746 31.906113 82.29824 89.6772 44.553337 60.133186 14.764823 32.89377 28.01785 60.440052 94.02127 28.284271 18.681541 91.08787 95.50916 40.261642 65.25335 63.1981 15.811388 0.0 77.781746 31.400637 53.225933 39.812057 20.396078 70.2282 91.66242 18.601076 29.732138 51.009804 64.56005 92.541885 63.03174 76.321686 68.44706 87.47571 39.39543 34.4093 101.20277 68.06615 97.67292 43.60046 40.012497 76.55064 45.54119 64.84597 16.0 35.510563 38.209946 7.071068 76.48529 93.64828 38.832977 45.044422 26.832815 56.61272 86.88498 55.9017 96.02604 38.600517 101.0 87.13208
26.57066 78.29432 26.400757 75.42546 60.63827 9.055386 69.00725 78.92401 64.629715 51.62364 71.063354 73.0 41.109608 62.681736 20.518284 26.019224 57.306194 18.681541 25.059929 37.589893 22.671568 74.0 46.0 85.42248 19.924858 19.235384 51.24451 59.3043 15.652476 42.379242 38.013157 31.304953 15.231546 72.11102 77.781746 0.0 48.703182 44.687805 41.4367 58.940647 36.687874 26.076809 66.1211 65.863495 28.635643 32.649654 25.806976 16.643316 18.027756 10.440307 10.29563 49.09175 49.819675 38.832977 16.643316 20.248457 55.97321 38.327538 37.336308 34.234486 36.67424 61.983868 47.67599 41.785164 72.249565 26.076809 16.0 39.115215 33.24154 53.009434 23.769728 30.083218 30.413813 30.805843 57.201397 23.769728 26.57066
55.7315 30.232433 22.561028 37.64306 13.152946 51.47815 28.600698 30.413813 30.805843 9.433981 28.178005 31.38471 40.22437 19.924858 60.00833 26.24881 12.649111 51.0392 58.30952 13.152946 29.017237 25.298222 16.0 37.802116 34.828148 63.387695 3.1622777 16.40122 60.671246 64.62198 17.0 34.176014 33.526108 23.409399 31.400637 48.703182 0.0 24.758837 22.561028 11.045361 39.824615 60.299255 28.284271 20.248457 20.396078 33.61547 61.204575 32.75668 45.044422 40.706264 58.872746 12.083046 25.179358 69.856995 37.054016 68.94926 21.377558 10.816654 46.06517 23.323807 34.48188 15.811388 24.020824 7.071068 27.856777 45.122055 64.03124 14.764823 15.652476 18.384777 31.827662 55.542778 24.5153 64.629715 18.0 72.44998 55.7315
39.051247 42.0119 23.537205 62.289646 36.05551 51.312767 53.15073 44.181442 55.443665 34.058773 52.201534 55.605755 16.763054 23.021729 47.010635 35.128338 21.84033 37.576588 42.72002 16.492422 22.472204 42.201897 38.013157 47.26521 41.231056 52.35456 27.58623 41.036568 50.77401 43.416588 34.20526 16.155495 31.764761 40.261642 53.225933 44.687805 24.758837 0.0 41.761227 33.83785 18.027756 44.64303 53.037724 28.01785 22.203604 14.866069 45.88028 29.15476 32.24903 41.59327 54.451813 13.892444 47.423622 51.0392 28.284271 63.126858 13.341664 25.298222 24.186773 38.327538 13.038404 39.40812 45.694637 21.470911 51.312767 28.160255 56.400356 32.572994 25.179358 42.43819 40.4475 37.336308 14.764823 47.853943 17.0 66.70832 39.051247
58.830265 49.20366 24.04163 34.058773 26.907248 40.112343 28.442924 48.166378 23.194826 17.20465 31.320919 32.55764 53.0 42.44997 58.872746 15.811388 35.17101 51.884487 59.94164 25.298222 31.890438 41.725292 7.81025 57.00877 22.0 59.908264 22.472204 21.633308 56.515484 71.70077 7.615773 43.416588 29.546574 40.36087 39.812057 41.4367 22.561028 41.761227 0.0 26.400757 50.803543 61.7171 25.079872 42.154476 23.43075 43.60046 62.169125 30.88689 46.647614 31.144823 50.01 33.0 8.5440035 73.57309 37.735924 60.00833 43.011627 16.492422 56.0803 7.28011 46.32494 26.24881 6.3245554 21.095022 33.24154 50.447994 57.31492 9.219544 17.492855 13.0 18.0 60.216278 33.01515 66.64833 40.311287 63.07139 58.830265
66.75328 22.803509 33.24154 29.206163 2.236068 60.926186 20.0 21.931713 25.0 9.219544 18.439089 21.931713 50.119858 20.615528 71.0 34.88553 14.764823 62.072536 69.354164 24.186773 40.0 15.811388 18.601076 30.610456 43.416588 74.24284 8.0 9.219544 71.44928 75.272835 23.600847 44.922153 43.931767 14.21267 20.396078 58.940647 11.045361 33.83785 26.400757 0.0 50.159744 71.34424 21.023796 18.0 31.144823 44.27189 72.249565 43.416588 56.0803 50.32892 68.96376 20.0 25.298222 80.80842 48.010414 79.12016 26.627054 20.615528 56.462376 29.832869 44.777225 5.656854 25.079872 18.0 17.492855 56.089214 74.52516 21.633308 25.70992 16.492422 39.962482 66.4906 35.510563 75.66373 21.954498 82.565125 66.75328
22.36068 60.033325 27.294687 77.10383 52.392746 45.122055 68.26419 62.201286 68.88396 48.259712 68.0 71.19691 4.472136 41.0 32.01562 39.0 39.623226 23.345236 26.41969 27.802877 20.880613 60.016663 49.497475 65.12296 41.773197 38.209946 42.941822 56.0803 37.536648 25.495098 43.416588 7.615773 29.15476 58.0517 70.2282 36.687874 39.824615 18.027756 50.803543 50.159744 0.0 28.178005 67.424034 46.043457 27.45906 7.2111025 29.529646 26.172504 19.723083 38.013157 44.72136 31.04835 58.137768 33.13608 21.095022 51.613953 31.06445 36.069378 6.3245554 45.276924 5.3851647 55.461697 56.0803 34.4093 67.54258 12.727922 44.20407 42.520584 33.42155 55.31727 42.72002 19.924858 17.804493 30.675724 35.014282 55.0 22.36068
5.8309517 85.70881 39.56008 93.92018 73.43705 34.43835 86.127815 87.36704 83.9345 66.4906 87.09765 89.73851 31.906113 67.26812 7.0 46.141087 64.28063 9.848858 2.0 47.169907 31.780497 84.0238 63.90618 91.591484 43.27817 13.341664 63.387695 74.73286 15.0 18.0 56.0803 28.635643 32.24903 82.02438 91.66242 26.076809 60.299255 44.64303 61.7171 71.34424 28.178005 0.0 84.118965 71.84706 41.231056 29.832869 1.4142135 30.870699 15.524175 34.655445 27.45906 55.226807 70.21396 12.806249 24.351591 29.427877 57.974133 52.392746 24.207438 54.589375 31.95309 75.802376 67.977936 53.460266 87.47571 16.492422 22.090721 56.302753 47.801674 70.837845 46.400433 9.219544 36.013885 5.0 61.188232 32.01562 5.8309517
80.411446 37.336308 44.598206 9.848858 19.313208 65.192024 4.2426405 34.713108 5.3851647 19.209373 8.602325 8.062258 68.24954 41.4367 82.2253 40.112343 35.77709 74.330345 82.219215 39.661064 52.554733 28.284271 20.396078 44.14748 47.042534 84.0119 25.495098 12.206555 80.75271 91.3017 28.442924 61.05735 52.95281 28.071337 18.601076 66.1211 28.284271 53.037724 25.079872 21.023796 67.424034 84.118965 0.0 38.078865 43.081318 60.74537 84.77028 53.600372 68.622154 56.008926 75.00667 39.824615 17.720045 95.07891 59.77458 85.052925 47.507893 32.202484 73.4983 32.0 62.201286 15.811388 19.416489 33.01515 11.661903 70.68239 82.0975 27.89265 36.40055 13.341664 43.046486 81.02469 50.606323 88.86507 42.941822 88.14193 80.411446
66.48308 14.0 39.661064 44.777225 19.104973 70.0 36.05551 16.27882 42.579338 25.70992 33.105892 36.67424 44.407207 5.3851647 73.24616 46.010868 8.602325 63.788715 69.87131 28.301943 43.863426 15.811388 34.785053 19.924858 54.451813 77.7946 19.697716 27.073973 75.61085 71.34424 37.215588 43.289722 50.77401 14.21267 29.732138 65.863495 20.248457 28.01785 42.154476 18.0 46.043457 71.84706 38.078865 0.0 37.44329 42.190044 72.99315 49.24429 57.974133 59.20304 76.15773 17.088007 42.755116 79.00633 51.62364 85.883644 15.524175 30.479502 52.153618 43.56604 41.0 22.36068 42.201897 25.455845 30.88689 55.443665 80.11242 34.98571 34.655445 34.234486 51.739735 65.12296 37.0 75.42546 11.045361 89.470665 66.48308
37.336308 49.658836 2.236068 52.924473 33.06055 32.649654 44.922153 50.32892 43.416588 25.317978 45.891174 48.507732 29.966648 34.713108 40.112343 13.0 28.84441 31.575306 39.293766 9.219544 9.486833 45.607018 23.323807 56.82429 19.313208 43.104523 23.194826 33.54102 40.311287 48.82622 16.27882 20.0 13.416408 43.68066 51.009804 28.635643 20.396078 22.203604 23.43075 31.144823 27.45906 41.231056 43.081318 37.44329 0.0 20.248457 41.976185 12.369317 25.70992 21.931713 38.910152 21.213203 31.144823 52.0 17.117243 48.8467 29.681644 11.18034 32.649654 17.888544 23.259407 35.014282 29.0 13.341664 46.389652 27.784887 43.68066 15.811388 6.708204 29.966648 18.248287 38.013157 9.848858 45.88028 29.732138 52.392746 37.336308
24.33105 56.142673 20.12461 70.491135 46.486557 40.496914 61.77378 58.00862 62.008064 41.677334 61.741398 64.84597 10.198039 37.48333 32.202484 31.95309 35.014282 22.825424 27.89265 21.095022 14.142136 55.226807 42.44997 61.81424 35.22783 37.735924 36.769554 49.648766 36.40055 31.016125 36.23534 1.4142135 23.021729 53.235325 64.56005 32.649654 33.61547 14.866069 43.60046 44.27189 7.2111025 29.832869 60.74537 42.190044 20.248457 0.0 31.04835 20.024984 17.804493 32.38827 41.617306 26.076809 50.990196 37.12142 16.155495 49.517673 28.160255 29.068884 12.806249 38.078865 4.1231055 49.396355 48.9183 27.784887 61.46544 13.341664 42.44997 35.383614 26.24881 48.414875 35.902645 23.0 10.630146 33.24154 31.400637 53.037724 24.33105
7.2111025 86.833176 40.261642 94.55686 74.330345 34.0 86.833176 88.45903 84.50444 67.26812 87.86353 90.47099 33.286633 68.44706 6.0827627 46.52956 65.37584 10.440307 3.1622777 48.09366 32.55764 85.052925 64.513565 92.76314 43.416588 12.165525 64.28063 75.50497 14.035668 19.026299 56.648037 29.832869 32.649654 83.0542 92.541885 25.806976 61.204575 45.88028 62.169125 72.249565 29.529646 1.4142135 84.77028 72.99315 41.976185 31.04835 0.0 31.38471 16.27882 34.655445 26.683329 56.32051 70.68239 13.038404 25.0 28.284271 59.20304 53.15073 25.612497 55.00909 33.24154 76.655075 68.44706 54.33231 88.28363 17.720045 21.023796 56.920998 48.507732 71.470276 46.615448 10.630146 37.0 5.0 62.369865 30.805843 7.2111025
28.01785 61.846584 10.198039 63.324562 45.276924 22.203604 55.9017 62.625874 53.14132 37.01351 57.31492 59.682495 30.016663 46.043457 28.635643 15.6205 40.706264 21.023796 29.068884 21.023796 6.708204 57.974133 33.24154 68.8767 15.811388 31.0 35.510563 45.099888 28.071337 41.773197 25.298222 19.0 3.0 56.044624 63.03174 16.643316 32.75668 29.15476 30.88689 43.416588 26.172504 30.870699 53.600372 49.24429 12.369317 20.024984 31.38471 0.0 15.811388 12.649111 26.925823 32.449963 39.357338 42.72002 7.071068 36.67424 39.59798 23.021729 29.410883 23.853722 24.083189 47.042534 37.12142 25.70992 58.077534 20.808653 31.320919 25.70992 18.0 40.261642 17.492855 29.732138 14.422205 35.77709 40.60788 40.24922 28.01785
12.206555 71.5891 24.04163 78.434685 58.137768 27.0 70.60453 72.99315 68.54196 50.990196 71.5891 74.215904 24.186773 53.75872 15.297058 31.400637 50.01 6.0 13.601471 32.0 16.27882 69.260376 48.466484 77.88453 30.0 20.12461 48.09366 59.22837 18.601076 26.627054 40.718548 16.40122 17.691807 67.26812 76.321686 18.027756 45.044422 32.24903 46.647614 56.0803 19.723083 15.524175 68.622154 57.974133 25.70992 17.804493 16.27882 15.811388 0.0 22.847319 25.079872 41.0 55.072678 26.925823 8.944272 32.01562 45.188496 36.878178 19.416489 39.661064 21.213203 60.40695 52.83938 38.118237 72.00694 8.062258 24.758837 40.853397 32.280025 55.362442 32.55764 14.21267 21.213203 20.248457 47.759815 35.468296 12.206555
33.83785 70.83079 19.79899 65.192024 51.86521 10.816654 59.03389 71.11962 54.33231 42.44997 61.294373 63.07139 42.107006 56.63921 30.0 16.124516 50.606323 25.806976 33.30165 31.144823 19.313208 65.795135 36.124783 78.23043 9.486833 29.546574 42.953465 49.819675 26.0 49.24429 28.284271 31.257 9.848858 63.97656 68.44706 10.440307 40.706264 41.59327 31.144823 50.32892 38.013157 34.655445 56.008926 59.20304 21.931713 32.38827 34.655445 12.649111 22.847319 0.0 19.104973 43.13931 39.45884 47.423622 17.029387 29.274563 51.224995 29.966648 40.311287 24.020824 36.496574 52.886673 37.336308 34.132095 62.649822 30.083218 26.172504 29.614185 25.059929 43.046486 13.341664 36.71512 26.832815 39.59798 51.62364 32.55764 33.83785
30.0 88.56636 36.67424 84.05355 70.60453 10.770329 78.10249 89.157166 73.109505 61.39218 80.399 82.1523 49.193497 72.94518 20.615528 35.22783 67.601776 23.345236 27.166155 47.88528 32.80244 84.15462 55.226807 95.71311 28.01785 16.124516 61.351448 68.88396 13.0 45.276924 47.38143 40.22437 25.495098 82.28001 87.47571 10.29563 58.872746 54.451813 50.01 68.96376 44.72136 27.45906 75.00667 76.15773 38.910152 41.617306 26.683329 26.925823 25.079872 19.104973 0.0 59.36329 58.137768 39.217342 26.172504 10.198039 66.068146 48.38388 44.27189 43.011627 45.486263 71.80529 56.0803 52.0 81.7435 32.89377 8.602325 48.6621 43.32436 62.1289 32.01562 34.0147 40.459858 31.320919 67.424034 13.601471 30.0
50.039986 30.594116 23.345236 48.79549 22.203604 53.814495 39.59798 32.140316 42.72002 21.470911 38.418747 41.868843 30.463093 13.601471 56.293873 31.764761 9.055386 46.872166 53.235325 12.0415945 26.832815 29.15476 27.45906 37.0 39.661064 60.728905 14.422205 27.658634 58.5235 56.515484 26.172504 27.018513 34.20526 27.166155 39.39543 49.09175 12.083046 13.892444 33.0 20.0 31.04835 55.226807 39.824615 17.088007 21.213203 26.076809 56.32051 32.449963 41.0 43.13931 59.36329 0.0 36.878178 63.1981 34.539833 68.96376 10.049875 17.464249 37.363083 31.780497 25.70992 25.612497 35.510563 12.165525 37.44329 39.012817 63.07139 24.083189 20.12461 30.463093 37.589893 49.0408 19.924858 59.03389 8.602325 72.56032 50.039986
67.23094 47.41308 32.01562 26.019224 25.079872 48.0 21.540659 45.79301 15.0 17.117243 25.059929 25.632011 60.0 44.102154 67.41662 24.351591 37.01351 60.373837 68.42514 31.38471 40.0 39.115215 9.486833 55.072678 30.149628 68.41052 24.0 18.027756 65.0 79.81228 14.866069 50.931328 38.078865 38.078865 34.4093 49.819675 25.179358 47.423622 8.5440035 25.298222 58.137768 70.21396 17.720045 42.755116 31.144823 50.990196 70.68239 39.357338 55.072678 39.45884 58.137768 36.878178 0.0 81.9878 46.141087 68.0294 46.52956 22.472204 63.655323 15.811388 53.413483 23.323807 2.236068 26.0 27.45906 58.60034 65.62012 15.6205 24.758837 8.944272 26.172504 68.50548 40.36087 75.13322 43.104523 71.0 67.23094
14.764823 93.00538 50.566788 104.92378 82.9759 47.010635 96.79876 95.02105 95.27329 76.843994 97.41663 100.2447 35.69314 74.06078 18.788294 58.249462 72.11102 22.022715 14.142136 56.753853 42.544094 92.34717 75.153175 98.24968 55.9017 23.537205 73.00685 85.07056 26.24881 11.313708 67.53518 36.221542 44.407207 90.35486 101.20277 38.832977 69.856995 51.0392 73.57309 80.80842 33.13608 12.806249 95.07891 79.00633 52.0 37.12142 13.038404 42.72002 26.925823 47.423622 39.217342 63.1981 81.9878 0.0 35.846897 39.115215 64.195015 62.968246 27.45906 66.573265 38.013157 85.61542 79.755875 63.324562 97.52948 24.738634 32.55764 67.54258 58.694122 81.939 58.898216 14.3178215 45.35416 8.062258 68.0294 41.0 14.764823
21.095022 64.84597 15.297058 69.57011 50.0 24.351591 61.846584 65.96969 59.615433 42.426407 62.968246 65.51336 25.317978 47.853943 23.021729 22.671568 43.32436 14.56022 22.472204 24.33105 8.062258 61.81424 39.56008 71.51224 22.36068 26.476404 40.012497 50.635956 24.04163 34.713108 31.780497 14.866069 9.433981 59.841457 68.06615 16.643316 37.054016 28.284271 37.735924 48.010414 21.095022 24.351591 59.77458 51.62364 17.117243 16.155495 25.0 7.071068 8.944272 17.029387 26.172504 34.539833 46.141087 35.846897 0.0 35.0 40.22437 28.284271 23.345236 30.805843 20.248457 52.086468 43.908997 30.016663 63.505905 13.892444 28.653097 31.95309 23.537205 46.486557 24.41311 22.671568 14.764823 29.15476 42.059483 38.600517 21.095022
33.526108 98.48858 46.615448 94.00532 80.77747 20.09975 88.20431 99.16148 83.02409 71.5891 90.55385 92.26592 56.0357 82.492424 22.561028 45.39824 77.36925 28.653097 29.832869 57.697487 42.190044 94.24436 65.37584 105.550934 38.013157 16.124516 71.470276 79.07591 14.866069 47.26521 57.558666 48.104053 35.468296 92.358 97.67292 20.248457 68.94926 63.126858 60.00833 79.12016 51.613953 29.427877 85.052925 85.883644 48.8467 49.517673 28.284271 36.67424 32.01562 29.274563 10.198039 68.96376 68.0294 39.115215 35.0 0.0 75.21303 58.5235 50.119858 53.08484 53.15073 82.0 66.007576 62.03225 91.92388 39.115215 7.615773 58.855755 53.450912 72.249565 42.0119 37.64306 49.648766 32.01562 76.8505 3.6055512 33.526108
52.392746 29.274563 31.622776 55.803226 28.600698 61.6198 46.615448 31.780497 50.990196 30.364452 44.687805 48.270073 29.068884 10.198039 60.166435 41.231056 12.0415945 50.695168 56.044624 21.023796 33.30165 30.870699 37.215588 34.058773 48.76474 65.30697 23.086792 35.35534 63.529522 56.0803 36.221542 29.410883 41.773197 29.068884 43.60046 55.97321 21.377558 13.341664 43.011627 26.627054 31.06445 57.974133 47.507893 15.524175 29.681644 28.160255 59.20304 39.59798 45.188496 51.224995 66.068146 10.049875 46.52956 64.195015 40.22437 75.21303 0.0 27.45906 37.0 41.773197 26.305893 32.202484 45.276924 22.203604 43.13931 41.484936 68.7968 34.132095 29.732138 39.56008 47.010635 50.635956 25.612497 61.188232 5.0 78.81624 52.392746
48.38388 41.04875 13.038404 42.047592 22.36068 40.706264 33.83785 41.18252 33.01515 14.142136 34.713108 37.363083 37.64306 29.15476 51.24451 15.556349 22.203604 42.755116 50.447994 8.944272 20.615528 35.846897 13.453624 48.60041 24.083189 54.00926 13.0 22.36068 51.088158 59.16925 9.055386 29.206163 23.345236 34.0147 40.012497 38.327538 10.816654 25.298222 16.492422 20.615528 36.069378 52.392746 32.202484 30.479502 11.18034 29.068884 53.15073 23.021729 36.878178 29.966648 48.38388 17.464249 22.472204 62.968246 28.284271 58.5235 27.45906 0.0 41.868843 14.3178215 31.144823 24.020824 20.59126 5.3851647 35.22783 38.483765 53.935146 7.28011 5.0990195 19.416489 21.260292 48.8467 18.601076 57.00877 25.632011 61.983868 48.38388
18.439089 66.1211 32.202484 83.21658 58.694122 46.173584 74.431175 68.359344 74.8131 54.378304 74.24284 77.41447 8.246211 47.042534 29.068884 43.416588 45.891174 21.470911 22.671568 33.83785 25.059929 66.287254 55.226807 71.02816 45.221676 35.608986 49.193497 62.26556 35.510563 19.235384 48.83646 12.727922 32.280025 64.327286 76.55064 37.336308 46.06517 24.186773 56.0803 56.462376 6.3245554 24.207438 73.4983 52.153618 32.649654 12.806249 25.612497 29.410883 19.416489 40.311287 44.27189 37.363083 63.655323 27.45906 23.345236 50.119858 37.0 41.868843 0.0 50.219517 11.7046995 61.741398 61.554855 40.496914 73.82411 11.401754 42.544094 48.08326 38.8973 61.220913 46.615448 15.264338 23.345236 25.942244 41.109608 53.338543 18.439089
51.86521 52.3259 18.027756 41.19466 30.805843 33.37664 35.128338 51.739735 30.413813 20.808653 37.65634 39.20459 47.853943 42.953465 51.62364 8.5440035 35.77709 44.777225 52.83938 22.022715 25.495098 45.607018 12.649111 60.108234 15.132746 52.63079 24.207438 26.925823 49.24429 65.11528 6.4031243 37.735924 22.36068 44.04543 45.54119 34.234486 23.323807 38.327538 7.28011 29.832869 45.276924 54.589375 32.0 43.56604 17.888544 38.078865 55.00909 23.853722 39.661064 24.020824 43.011627 31.780497 15.811388 66.573265 30.805843 53.08484 41.773197 14.3178215 50.219517 0.0 41.14608 30.88689 13.601471 19.646883 39.293766 43.863426 50.159744 8.602325 13.152946 19.235384 11.18034 53.413483 27.730848 59.5399 39.849716 56.22277 51.86521
26.24881 55.0 23.409399 71.84706 47.010635 44.598206 62.968246 57.07889 63.780876 43.011627 62.649822 65.863495 6.708204 36.05551 34.98571 35.44009 34.36568 25.806976 30.083218 22.671568 18.027756 54.74486 44.598206 60.299255 39.115215 40.804413 37.589893 50.77401 39.698868 30.805843 38.832977 5.3851647 27.073973 52.773098 64.84597 36.67424 34.48188 13.038404 46.32494 44.777225 5.3851647 31.95309 62.201286 41.0 23.259407 4.1231055 33.24154 24.083189 21.213203 36.496574 45.486263 25.70992 53.413483 38.013157 20.248457 53.15073 26.305893 31.144823 11.7046995 41.14608 0.0 50.08992 51.40039 29.206163 62.169125 15.652476 45.96738 37.802116 28.84441 50.24938 39.623226 24.33105 13.416408 34.928497 30.016663 56.63921 26.24881
71.38628 24.166092 37.0 23.600847 3.6055512 63.245552 14.422205 22.472204 20.22375 10.440307 12.806249 16.27882 55.569775 25.632011 75.10659 37.0 20.248457 66.37017 73.82411 28.86174 44.181442 15.811388 18.601076 31.764761 45.310043 78.025635 12.649111 5.3851647 75.10659 80.411446 25.079872 49.979996 47.26521 14.764823 16.0 61.983868 15.811388 39.40812 26.24881 5.656854 55.461697 75.802376 15.811388 22.36068 35.014282 49.396355 76.655075 47.042534 60.40695 52.886673 71.80529 25.612497 23.323807 85.61542 52.086468 82.0 32.202484 24.020824 61.741398 30.88689 50.08992 0.0 23.600847 22.36068 12.083046 60.876926 77.781746 23.409399 29.068884 14.422205 41.62932 71.30919 40.261642 80.23092 27.45906 85.37564 71.38628
65.0 47.507893 29.832869 28.0 25.059929 46.010868 23.086792 46.043457 17.029387 16.492422 26.400757 27.202942 58.00862 43.289722 65.192024 22.135944 36.124783 58.137768 66.189125 29.529646 37.802116 39.40812 8.062258 55.226807 28.071337 66.21933 23.086792 18.439089 62.817196 77.62087 12.727922 48.83646 35.846897 38.27532 35.510563 47.67599 24.020824 45.694637 6.3245554 25.079872 56.0803 67.977936 19.416489 42.201897 29.0 48.9183 68.44706 37.12142 52.83938 37.336308 56.0803 35.510563 2.236068 79.755875 43.908997 66.007576 45.276924 20.59126 61.554855 13.601471 51.40039 23.600847 0.0 24.351591 28.653097 56.400356 63.505905 13.601471 22.671568 9.219544 24.083189 66.287254 38.28838 72.89719 42.0119 69.00725 65.0
49.0306 36.71512 15.524175 42.72002 20.024984 44.94441 34.0 37.161808 34.655445 13.892444 34.176014 37.161808 35.383614 23.853722 53.0 20.615528 17.029387 44.102154 51.47815 6.708204 22.0 32.280025 16.552946 44.102154 29.0 56.32051 10.0 21.931713 53.600372 58.60034 14.035668 28.178005 26.57066 30.364452 38.209946 41.785164 7.071068 21.470911 21.095022 18.0 34.4093 53.460266 33.01515 25.455845 13.341664 27.784887 54.33231 25.70992 38.118237 34.132095 52.0 12.165525 26.0 63.324562 30.016663 62.03225 22.203604 5.3851647 40.496914 19.646883 29.206163 22.36068 24.351591 0.0 34.20526 38.600517 57.00877 12.0 9.219544 21.260292 26.400757 49.0408 18.027756 57.870544 20.248457 65.551506 49.0306
83.198555 27.018513 48.259712 14.3178215 15.264338 72.56721 7.615773 24.020824 17.0 21.095022 3.1622777 6.0827627 67.601776 35.22783 86.46965 46.52956 31.112698 77.92946 85.51023 40.804413 55.7315 18.110771 26.683329 33.24154 54.34151 89.050545 24.698177 13.0 86.00581 92.47703 34.36568 62.03225 58.0 18.439089 7.071068 72.249565 27.856777 51.312767 33.24154 17.492855 67.54258 87.47571 11.661903 30.88689 46.389652 61.46544 88.28363 58.077534 72.00694 62.649822 81.7435 37.44329 27.45906 97.52948 63.505905 91.92388 43.13931 35.22783 73.82411 39.293766 62.169125 12.083046 28.653097 34.20526 0.0 72.8011 88.20431 33.13608 40.112343 20.248457 50.447994 83.240616 52.201534 91.983696 38.209946 95.189285 83.198555
11.045361 69.354164 26.627054 80.529495 58.249462 35.014282 72.235725 71.11259 71.19691 52.201534 72.73238 75.61085 17.029387 50.803543 19.416489 36.124783 48.04165 10.630146 14.56022 32.01562 18.601076 68.0294 51.10773 75.13322 36.23534 25.495098 48.270073 60.40695 24.839485 21.260292 43.829212 12.165525 23.323807 66.0303 76.48529 26.076809 45.122055 28.160255 50.447994 56.089214 12.727922 16.492422 70.68239 55.443665 27.784887 13.341664 17.720045 20.808653 8.062258 30.083218 32.89377 39.012817 58.60034 24.738634 13.892444 39.115215 41.484936 38.483765 11.401754 43.863426 15.652476 60.876926 56.400356 38.600517 72.8011 0.0 31.622776 43.56604 34.48188 57.706154 38.27532 10.440307 20.615528 20.024984 44.72136 42.43819 11.045361
25.96151 93.04838 41.484936 91.350975 76.29548 19.235384 85.00588 93.92018 80.50466 67.47592 87.05171 89.0 48.60041 76.47875 15.132746 42.0119 71.693794 21.095022 22.36068 52.201534 36.249138 89.28606 62.0 99.92497 35.510563 9.055386 66.70832 75.23962 7.28011 40.04997 54.00926 41.036568 30.594116 87.36132 93.64828 16.0 64.03124 56.400356 57.31492 74.52516 44.20407 22.090721 82.0975 80.11242 43.68066 42.44997 21.023796 31.320919 24.758837 26.172504 8.602325 63.07139 65.62012 32.55764 28.653097 7.615773 68.7968 53.935146 42.544094 50.159744 45.96738 77.781746 63.505905 57.00877 88.20431 31.622776 0.0 55.081757 48.83646 69.00725 39.45884 30.083218 43.416588 25.079872 70.71068 10.816654 25.96151
52.801514 43.863426 17.0 37.64306 22.825424 39.849716 30.265491 43.416588 27.730848 13.0 32.0 34.132095 44.407207 34.539833 54.34151 13.601471 27.313 46.486557 54.42426 16.155495 25.059929 37.44329 7.615773 51.62364 21.931713 56.32051 15.6205 20.22375 53.15073 64.63745 2.236068 35.35534 25.179358 35.805027 38.832977 39.115215 14.764823 32.572994 9.219544 21.633308 42.520584 56.302753 27.89265 34.98571 15.811388 35.383614 56.920998 25.70992 40.853397 29.614185 48.6621 24.083189 15.6205 67.54258 31.95309 58.855755 34.132095 7.28011 48.08326 8.602325 37.802116 23.409399 13.601471 12.0 33.13608 43.56604 55.081757 0.0 9.219544 14.56022 18.35756 53.712196 24.758837 61.09828 31.780497 62.169125 52.801514
44.011364 45.79301 8.246211 46.238514 27.45906 35.846897 38.327538 46.06517 36.71512 19.026299 39.45884 41.976185 35.510563 32.80244 46.389652 11.661903 26.172504 38.078865 45.88028 9.055386 16.155495 40.853397 16.643316 53.25411 19.849434 49.0 18.027756 27.166155 46.043457 55.470715 10.0 26.172504 18.248287 39.0 45.044422 33.24154 15.652476 25.179358 17.492855 25.70992 33.42155 47.801674 36.40055 34.655445 6.708204 26.24881 48.507732 18.0 32.280025 25.059929 43.32436 20.12461 24.758837 58.694122 23.537205 53.450912 29.732138 5.0990195 38.8973 13.152946 28.84441 29.068884 22.671568 9.219544 40.112343 34.48188 48.83646 9.219544 0.0 23.259407 17.492855 44.72136 15.6205 52.49762 28.653097 56.920998 44.011364
67.23094 38.470768 31.38471 23.086792 16.155495 52.611786 16.0 36.891735 13.601471 9.219544 18.439089 20.024984 56.568542 36.013885 68.88396 27.0 29.15476 61.03278 68.94926 27.58623 39.39543 30.232433 7.071068 46.141087 34.36568 70.71068 16.492422 9.219544 67.47592 78.54935 15.132746 48.60041 39.623226 29.15476 26.832815 53.009434 18.384777 42.43819 13.0 16.492422 55.31727 70.837845 13.341664 34.234486 29.966648 48.414875 71.470276 40.261642 55.362442 43.046486 62.1289 30.463093 8.944272 81.939 46.486557 72.249565 39.56008 19.416489 61.220913 19.235384 50.24938 14.422205 9.219544 21.260292 20.248457 57.706154 69.00725 14.56022 23.259407 0.0 30.413813 67.977936 38.013157 75.61085 35.69314 75.42546 67.23094
44.553337 61.846584 17.029387 52.03845 41.18252 22.203604 46.270943 61.611687 41.109608 31.304953 48.83646 50.358715 46.09772 50.219517 42.544094 5.8309517 43.416588 36.878178 44.82187 26.0 21.84033 55.758408 23.769728 69.52697 4.0 42.72002 33.42155 37.94733 39.217342 59.03389 16.552946 35.17101 15.0 54.08327 56.61272 23.769728 31.827662 40.4475 18.0 39.962482 42.72002 46.400433 43.046486 51.739735 18.248287 35.902645 46.615448 17.492855 32.55764 13.341664 32.01562 37.589893 26.172504 58.898216 24.41311 42.0119 47.010635 21.260292 46.615448 11.18034 39.623226 41.62932 24.083189 26.400757 50.447994 38.27532 39.45884 18.35756 17.492855 30.413813 0.0 46.75468 27.018513 51.40039 46.141087 45.099888 44.553337
4.1231055 79.101204 36.71512 90.873535 68.65858 39.051247 82.637764 81.00617 81.41253 62.625874 83.1685 86.034874 23.259407 60.299255 15.231546 45.343136 58.00862 11.401754 8.062258 42.44997 28.653097 78.160095 61.294373 84.59315 44.20407 21.931713 58.694122 70.837845 22.803509 12.529964 53.851646 22.022715 31.827662 76.1643 86.88498 30.083218 55.542778 37.336308 60.216278 66.4906 19.924858 9.219544 81.02469 65.12296 38.013157 23.0 10.630146 29.732138 14.21267 36.71512 34.0147 49.0408 68.50548 14.3178215 22.671568 37.64306 50.635956 48.8467 15.264338 53.413483 24.33105 71.30919 66.287254 49.0408 83.240616 10.440307 30.083218 53.712196 44.72136 67.977936 46.75468 0.0 31.04835 10.770329 54.230988 40.496914 4.1231055
31.257 50.447994 10.198039 60.41523 37.65634 36.619667 51.894123 51.78803 51.613953 31.780497 52.201534 55.154327 20.12461 33.105892 36.496574 22.36068 28.86174 27.166155 34.0147 11.401754 7.81025 48.09366 31.890438 56.920998 27.166155 40.804413 27.658634 39.92493 38.626415 40.706264 25.612497 10.630146 17.0 46.09772 55.9017 30.413813 24.5153 14.764823 33.01515 35.510563 17.804493 36.013885 50.606323 37.0 9.848858 10.630146 37.0 14.422205 21.213203 26.832815 40.459858 19.924858 40.36087 45.35416 14.764823 49.648766 25.612497 18.601076 23.345236 27.730848 13.416408 40.261642 38.28838 18.027756 52.201534 20.615528 43.416588 24.758837 15.6205 38.013157 27.018513 31.04835 0.0 40.1995 27.294687 53.25411 31.257
9.0 89.358826 44.27189 98.681305 77.781746 38.948685 90.80198 91.13726 88.76936 71.063354 91.67879 94.371605 34.0147 70.71068 10.770329 51.10773 68.06615 14.764823 6.708204 51.47815 36.40055 88.005684 68.70953 95.036835 48.270073 16.03122 67.74216 79.30952 18.439089 15.524175 60.926186 32.140316 37.215588 86.00581 96.02604 30.805843 64.629715 47.853943 66.64833 75.66373 30.675724 5.0 88.86507 75.42546 45.88028 33.24154 5.0 35.77709 20.248457 39.59798 31.320919 59.03389 75.13322 8.062258 29.15476 32.01562 61.188232 57.00877 25.942244 59.5399 34.928497 80.23092 72.89719 57.870544 91.983696 20.024984 25.079872 61.09828 52.49762 75.61085 51.40039 10.770329 40.1995 0.0 64.629715 34.234486 9.0
55.7315 25.019993 31.827662 51.0392 23.853722 62.241467 41.880783 27.294687 46.615448 26.476404 39.824615 43.416588 33.37664 6.0827627 62.936478 40.311287 7.2111025 53.450912 59.22837 20.615528 34.669872 26.0 34.0 30.413813 48.259712 67.77905 19.235384 30.870699 65.795135 60.299255 33.955853 32.55764 42.520584 24.166092 38.600517 57.201397 18.0 17.0 40.311287 21.954498 35.014282 61.188232 42.941822 11.045361 29.732138 31.400637 62.369865 40.60788 47.759815 51.62364 67.424034 8.602325 43.104523 68.0294 42.059483 76.8505 5.0 25.632011 41.109608 39.849716 30.016663 27.45906 42.0119 20.248457 38.209946 44.72136 70.71068 31.780497 28.653097 35.69314 46.141087 54.230988 27.294687 64.629715 0.0 80.454956 55.7315
36.40055 102.044106 50.159744 97.00516 84.20214 23.0 91.350975 102.69372 86.0 74.953316 93.770996 95.42536 59.405388 86.09297 25.298222 48.6621 80.9506 31.906113 32.572994 61.269894 45.79301 97.73945 68.593 109.12378 41.109608 18.681541 74.94665 82.37718 17.888544 49.648766 60.827625 51.62364 39.0 95.85927 101.0 23.769728 72.44998 66.70832 63.07139 82.565125 55.0 32.01562 88.14193 89.470665 52.392746 53.037724 30.805843 40.24922 35.468296 32.55764 13.601471 72.56032 71.0 41.0 38.600517 3.6055512 78.81624 61.983868 53.338543 56.22277 56.63921 85.37564 69.00725 65.551506 95.189285 42.43819 10.816654 62.169125 56.920998 75.42546 45.099888 40.496914 53.25411 34.234486 80.454956 0.0 36.40055
0.0 80.399 35.846897 90.24966 68.88396 35.44009 82.219215 82.1523 80.529495 62.361847 82.96987 85.72631 26.076809 61.81424 11.18034 43.60046 59.07622 8.062258 4.2426405 42.579338 27.856777 79.00633 60.41523 86.145226 41.773197 17.888544 58.855755 70.60453 18.681541 15.811388 52.773098 23.194826 29.832869 77.00649 87.13208 26.57066 55.7315 39.051247 58.830265 66.75328 22.36068 5.8309517 80.411446 66.48308 37.336308 24.33105 7.2111025 28.01785 12.206555 33.83785 30.0 50.039986 67.23094 14.764823 21.095022 33.526108 52.392746 48.38388 18.439089 51.86521 26.24881 71.38628 65.0 49.0306 83.198555 11.045361 25.96151 52.801514 44.011364 67.23094 44.553337 4.1231055 31.257 9.0 55.7315 36.40055 0.0
p
0 0 0 0 0 0
0 0 0 0 0 0
0 0 0 0 0 0
0 0 0 0 0 0
0 0 0 0 0 0
0 0 0 0 0 0
0 0 0 0 0 0
0 0 0 0 0 0
0 0 0 0 0 0
0 0 0 0 0 0
0 0 0 0 0 0
0 0 0 0 0 0
0 0 0 0 0 0
0 0 0 0 0 0
0 0 0 0 0 0
15.0 15.0 15.0 15.0 15.0 15.0
15.0 15.0 15.0 15.0 15.0 15.0
15.0 15.0 15.0 15.0 15.0 15.0
15.0 15.0 15.0 15.0 15.0 15.0
15.0 15.0 15.0 15.0 15.0 15.0
15.0 15.0 15.0 15.0 15.0 15.0
15.0 15.0 15.0 15.0 15.0 15.0
15.0 15.0 15.0 15.0 15.0 15.0
15.0 15.0 15.0 15.0 15.0 15.0
15.0 15.0 15.0 15.0 15.0 15.0
15.0 15.0 15.0 15.0 15.0 15.0
15.0 15.0 15.0 15.0 15.0 15.0
15.0 15.0 15.0 15.0 15.0 15.0
15.0 15.0 15.0 15.0 15.0 15.0
15.0 15.0 15.0 15.0 15.0 15.0
15.0 15.0 15.0 15.0 15.0 15.0
15.0 15.0 15.0 15.0 15.0 15.0
15.0 15.0 15.0 15.0 15.0 15.0
15.0 15.0 15.0 15.0 15.0 15.0
15.0 15.0 15.0 15.0 15.0 15.0
15.0 15.0 15.0 15.0 15.0 15.0
15.0 15.0 15.0 15.0 15.0 15.0
15.0 15.0 15.0 15.0 15.0 15.0
15.0 15.0 15.0 15.0 15.0 15.0
15.0 15.0 15.0 15.0 15.0 15.0
15.0 15.0 15.0 15.0 15.0 15.0
15.0 15.0 15.0 15.0 15.0 15.0
15.0 15.0 15.0 15.0 15.0 15.0
15.0 15.0 15.0 15.0 15.0 15.0
15.0 15.0 15.0 15.0 15.0 15.0
15.0 15.0 15.0 15.0 15.0 15.0
15.0 15.0 15.0 15.0 15.0 15.0
15.0 15.0 15.0 15.0 15.0 15.0
15.0 15.0 15.0 15.0 15.0 15.0
15.0 15.0 15.0 15.0 15.0 15.0
15.0 15.0 15.0 15.0 15.0 15.0
15.0 15.0 15.0 15.0 15.0 15.0
15.0 15.0 15.0 15.0 15.0 15.0
15.0 15.0 15.0 15.0 15.0 15.0
15.0 15.0 15.0 15.0 15.0 15.0
15.0 15.0 15.0 15.0 15.0 15.0
15.0 15.0 15.0 15.0 15.0 15.0
15.0 15.0 15.0 15.0 15.0 15.0
15.0 15.0 15.0 15.0 15.0 15.0
15.0 15.0 15.0 15.0 15.0 15.0
15.0 15.0 15.0 15.0 15.0 15.0
15.0 15.0 15.0 15.0 15.0 15.0
15.0 15.0 15.0 15.0 15.0 15.0
15.0 15.0 15.0 15.0 15.0 15.0
15.0 15.0 15.0 15.0 15.0 15.0
15.0 15.0 15.0 15.0 15.0 15.0
15.0 15.0 15.0 15.0 15.0 15.0
15.0 15.0 15.0 15.0 15.0 15.0
15.0 15.0 15.0 15.0 15.0 15.0
15.0 15.0 15.0 15.0 15.0 15.0
15.0 15.0 15.0 15.0 15.0 15.0
15.0 15.0 15.0 15.0 15.0 15.0
15.0 15.0 15.0 15.0 15.0 15.0
15.0 15.0 15.0 15.0 15.0 15.0
15.0 15.0 15.0 15.0 15.0 15.0
15.0 15.0 15.0 15.0 15.0 15.0
15.0 15.0 15.0 15.0 15.0 15.0
15.0 15.0 15.0 15.0 15.0 15.0
15.0 15.0 15.0 15.0 15.0 15.0
15.0 15.0 15.0 15.0 15.0 15.0
15.0 15.0 15.0 15.0 15.0 15.0
15.0 15.0 15.0 15.0 15.0 15.0
15.0 15.0 15.0 15.0 15.0 15.0
15.0 15.0 15.0 15.0 15.0 15.0
15.0 15.0 15.0 15.0 15.0 15.0
15.0 15.0 15.0 15.0 15.0 15.0
15.0 15.0 15.0 15.0 15.0 15.0
15.0 15.0 15.0 15.0 15.0 15.0
15.0 15.0 15.0 15.0 15.0 15.0
15.0 15.0 15.0 15.0 15.0 15.0
15.0 15.0 15.0 15.0 15.0 15.0
15.0 15.0 15.0 15.0 15.0 15.0
15.0 15.0 15.0 15.0 15.0 15.0
15.0 15.0 15.0 15.0 15.0 15.0
15.0 15.0 15.0 15.0 15.0 15.0
15.0 15.0 15.0 15.0 15.0 15.0
15.0 15.0 15.0 15.0 15.0 15.0
15.0 15.0 15.0 15.0 15.0 15.0
15.0 15.0 15.0 15.0 15.0 15.0
15.0 15.0 15.0 15.0 15.0 15.0
15.0 15.0 15.0 15.0 15.0 15.0
15.0 15.0 15.0 15.0 15.0 15.0
15.0 15.0 15.0 15.0 15.0 15.0
15.0 15.0 15.0 15.0 15.0 15.0
15.0 15.0 15.0 15.0 15.0 15.0
15.0 15.0 15.0 15.0 15.0 15.0
15.0 15.0 15.0 15.0 15.0 15.0
15.0 15.0 15.0 15.0 15.0 15.0
15.0 15.0 15.0 15.0 15.0 15.0
15.0 15.0 15.0 15.0 15.0 15.0
15.0 15.0 15.0 15.0 15.0 15.0
15.0 15.0 15.0 15.0 15.0 15.0
15.0 15.0 15.0 15.0 15.0 15.0
15.0 15.0 15.0 15.0 15.0 15.0
15.0 15.0 15.0 15.0 15.0 15.0
15.0 15.0 15.0 15.0 15.0 15.0
15.0 15.0 15.0 15.0 15.0 15.0
15.0 15.0 15.0 15.0 15.0 15.0
15.0 15.0 15.0 15.0 15.0 15.0
15.0 15.0 15.0 15.0 15.0 15.0
15.0 15.0 15.0 15.0 15.0 15.0
15.0 15.0 15.0 15.0 15.0 15.0
15.0 15.0 15.0 15.0 15.0 15.0
15.0 15.0 15.0 15.0 15.0 15.0
15.0 15.0 15.0 15.0 15.0 15.0
15.0 15.0 15.0 15.0 15.0 15.0
15.0 15.0 15.0 15.0 15.0 15.0
15.0 15.0 15.0 15.0 15.0 15.0
15.0 15.0 15.0 15.0 15.0 15.0
15.0 15.0 15.0 15.0 15.0 15.0
15.0 15.0 15.0 15.0 15.0 15.0
15.0 15.0 15.0 15.0 15.0 15.0
15.0 15.0 15.0 15.0 15.0 15.0
15.0 15.0 15.0 15.0 15.0 15.0
15.0 15.0 15.0 15.0 15.0 15.0
15.0 15.0 15.0 15.0 15.0 15.0
15.0 15.0 15.0 15.0 15.0 15.0
15.0 15.0 15.0 15.0 15.0 15.0
15.0 15.0 15.0 15.0 15.0 15.0
15.0 15.0 15.0 15.0 15.0 15.0
15.0 15.0 15.0 15.0 15.0 15.0
15.0 15.0 15.0 15.0 15.0 15.0
15.0 15.0 15.0 15.0 15.0 15.0
15.0 15.0 15.0 15.0 15.0 15.0
15.0 15.0 15.0 15.0 15.0 15.0
15.0 15.0 15.0 15.0 15.0 15.0
15.0 15.0 15.0 15.0 15.0 15.0
15.0 15.0 15.0 15.0 15.0 15.0
15.0 15.0 15.0 15.0 15.0 15.0
15.0 15.0 15.0 15.0 15.0 15.0
15.0 15.0 15.0 15.0 15.0 15.0
15.0 15.0 15.0 15.0 15.0 15.0
15.0 15.0 15.0 15.0 15.0 15.0
15.0 15.0 15.0 15.0 15.0 15.0
15.0 15.0 15.0 15.0 15.0 15.0
15.0 15.0 15.0 15.0 15.0 15.0
15.0 15.0 15.0 15.0 15.0 15.0
15.0 15.0 15.0 15.0 15.0 15.0
15.0 15.0 15.0 15.0 15.0 15.0
15.0 15.0 15.0 15.0 15.0 15.0
15.0 15.0 15.0 15.0 15.0 15.0
15.0 15.0 15.0 15.0 15.0 15.0
15.0 15.0 15.0 15.0 15.0 15.0
15.0 15.0 15.0 15.0 15.0 15.0
15.0 15.0 15.0 15.0 15.0 15.0
15.0 15.0 15.0 15.0 15.0 15.0
15.0 15.0 15.0 15.0 15.0 15.0
15.0 15.0 15.0 15.0 15.0 15.0
15.0 15.0 15.0 15.0 15.0 15.0
15.0 15.0 15.0 15.0 15.0 15.0
15.0 15.0 15.0 15.0 15.0 15.0
15.0 15.0 15.0 15.0 15.0 15.0
15.0 15.0 15.0 15.0 15.0 15.0
15.0 15.0 15.0 15.0 15.0 15.0
15.0 15.0 15.0 15.0 15.0 15.0
15.0 15.0 15.0 15.0 15.0 15.0
15.0 15.0 15.0 15.0 15.0 15.0
15.0 15.0 15.0 15.0 15.0 15.0
15.0 15.0 15.0 15.0 15.0 15.0
15.0 15.0 15.0 15.0 15.0 15.0
15.0 15.0 15.0 15.0 15.0 15.0
15.0 15.0 15.0 15.0 15.0 15.0
15.0 15.0 15.0 15.0 15.0 15.0
15.0 15.0 15.0 15.0 15.0 15.0
15.0 15.0 15.0 15.0 15.0 15.0
15.0 15.0 15.0 15.0 15.0 15.0
15.0 15.0 15.0 15.0 15.0 15.0
15.0 15.0 15.0 15.0 15.0 15.0
15.0 15.0 15.0 15.0 15.0 15.0
15.0 15.0 15.0 15.0 15.0 15.0
15.0 15.0 15.0 15.0 15.0 15.0
15.0 15.0 15.0 15.0 15.0 15.0
15.0 15.0 15.0 15.0 15.0 15.0
15.0 15.0 15.0 15.0 15.0 15.0
15.0 15.0 15.0 15.0 15.0 15.0
15.0 15.0 15.0 15.0 15.0 15.0
15.0 15.0 15.0 15.0 15.0 15.0
15.0 15.0 15.0 15.0 15.0 15.0
15.0 15.0 15.0 15.0 15.0 15.0
15.0 15.0 15.0 15.0 15.0 15.0
15.0 15.0 15.0 15.0 15.0 15.0
15.0 15.0 15.0 15.0 15.0 15.0
15.0 15.0 15.0 15.0 15.0 15.0
15.0 15.0 15.0 15.0 15.0 15.0
15.0 15.0 15.0 15.0 15.0 15.0
15.0 15.0 15.0 15.0 15.0 15.0
15.0 15.0 15.0 15.0 15.0 15.0
15.0 15.0 15.0 15.0 15.0 15.0
15.0 15.0 15.0 15.0 15.0 15.0
15.0 15.0 15.0 15.0 15.0 15.0
15.0 15.0 15.0 15.0 15.0 15.0
15.0 15.0 15.0 15.0 15.0 15.0
15.0 15.0 15.0 15.0 15.0 15.0
15.0 15.0 15.0 15.0 15.0 15.0
15.0 15.0 15.0 15.0 15.0 15.0
15.0 15.0 15.0 15.0 15.0 15.0
15.0 15.0 15.0 15.0 15.0 15.0
15.0 15.0 15.0 15.0 15.0 15.0
15.0 15.0 15.0 15.0 15.0 15.0
15.0 15.0 15.0 15.0 15.0 15.0
15.0 15.0 15.0 15.0 15.0 15.0
15.0 15.0 15.0 15.0 15.0 15.0
15.0 15.0 15.0 15.0 15.0 15.0
15.0 15.0 15.0 15.0 15.0 15.0
15.0 15.0 15.0 15.0 15.0 15.0
15.0 15.0 15.0 15.0 15.0 15.0
15.0 15.0 15.0 15.0 15.0 15.0
15.0 15.0 15.0 15.0 15.0 15.0
15.0 15.0 15.0 15.0 15.0 15.0
15.0 15.0 15.0 15.0 15.0 15.0
15.0 15.0 15.0 15.0 15.0 15.0
15.0 15.0 15.0 15.0 15.0 15.0
15.0 15.0 15.0 15.0 15.0 15.0
15.0 15.0 15.0 15.0 15.0 15.0
15.0 15.0 15.0 15.0 15.0 15.0
15.0 15.0 15.0 15.0 15.0 15.0
15.0 15.0 15.0 15.0 15.0 15.0
15.0 15.0 15.0 15.0 15.0 15.0
15.0 15.0 15.0 15.0 15.0 15.0
15.0 15.0 15.0 15.0 15.0 15.0
15.0 15.0 15.0 15.0 15.0 15.0
15.0 15.0 15.0 15.0 15.0 15.0
15.0 15.0 15.0 15.0 15.0 15.0
15.0 15.0 15.0 15.0 15.0 15.0
15.0 15.0 15.0 15.0 15.0 15.0
15.0 15.0 15.0 15.0 15.0 15.0
15.0 15.0 15.0 15.0 15.0 15.0
15.0 15.0 15.0 15.0 15.0 15.0
15.0 15.0 15.0 15.0 15.0 15.0
15.0 15.0 15.0 15.0 15.0 15.0
15.0 15.0 15.0 15.0 15.0 15.0
15.0 15.0 15.0 15.0 15.0 15.0
15.0 15.0 15.0 15.0 15.0 15.0
15.0 15.0 15.0 15.0 15.0 15.0
15.0 15.0 15.0 15.0 15.0 15.0
15.0 15.0 15.0 15.0 15.0 15.0
15.0 15.0 15.0 15.0 15.0 15.0
15.0 15.0 15.0 15.0 15.0 15.0
15.0 15.0 15.0 15.0 15.0 15.0
15.0 15.0 15.0 15.0 15.0 15.0
15.0 15.0 15.0 15.0 15.0 15.0
15.0 15.0 15.0 15.0 15.0 15.0
15.0 15.0 15.0 15.0 15.0 15.0
15.0 15.0 15.0 15.0 15.0 15.0
15.0 15.0 15.0 15.0 15.0 15.0
15.0 15.0 15.0 15.0 15.0 15.0
15.0 15.0 15.0 15.0 15.0 15.0
15.0 15.0 15.0 15.0 15.0 15.0
15.0 15.0 15.0 15.0 15.0 15.0
15.0 15.0 15.0 15.0 15.0 15.0
15.0 15.0 15.0 15.0 15.0 15.0
15.0 15.0 15.0 15.0 15.0 15.0
15.0 15.0 15.0 15.0 15.0 15.0
15.0 15.0 15.0 15.0 15.0 15.0
15.0 15.0 15.0 15.0 15.0 15.0
15.0 15.0 15.0 15.0 15.0 15.0
15.0 15.0 15.0 15.0 15.0 15.0
15.0 15.0 15.0 15.0 15.0 15.0
15.0 15.0 15.0 15.0 15.0 15.0
15.0 15.0 15.0 15.0 15.0 15.0
15.0 15.0 15.0 15.0 15.0 15.0
15.0 15.0 15.0 15.0 15.0 15.0
15.0 15.0 15.0 15.0 15.0 15.0
15.0 15.0 15.0 15.0 15.0 15.0
15.0 15.0 15.0 15.0 15.0 15.0
15.0 15.0 15.0 15.0 15.0 15.0
15.0 15.0 15.0 15.0 15.0 15.0
15.0 15.0 15.0 15.0 15.0 15.0
15.0 15.0 15.0 15.0 15.0 15.0
15.0 15.0 15.0 15.0 15.0 15.0
15.0 15.0 15.0 15.0 15.0 15.0
15.0 15.0 15.0 15.0 15.0 15.0
15.0 15.0 15.0 15.0 15.0 15.0
15.0 15.0 15.0 15.0 15.0 15.0
15.0 15.0 15.0 15.0 15.0 15.0
15.0 15.0 15.0 15.0 15.0 15.0
15.0 15.0 15.0 15.0 15.0 15.0
15.0 15.0 15.0 15.0 15.0 15.0
15.0 15.0 15.0 15.0 15.0 15.0
15.0 15.0 15.0 15.0 15.0 15.0
15.0 15.0 15.0 15.0 15.0 15.0
15.0 15.0 15.0 15.0 15.0 15.0
15.0 15.0 15.0 15.0 15.0 15.0
15.0 15.0 15.0 15.0 15.0 15.0
15.0 15.0 15.0 15.0 15.0 15.0
15.0 15.0 15.0 15.0 15.0 15.0
15.0 15.0 15.0 15.0 15.0 15.0
15.0 15.0 15.0 15.0 15.0 15.0
15.0 15.0 15.0 15.0 15.0 15.0
15.0 15.0 15.0 15.0 15.0 15.0
15.0 15.0 15.0 15.0 15.0 15.0
15.0 15.0 15.0 15.0 15.0 15.0
15.0 15.0 15.0 15.0 15.0 15.0
15.0 15.0 15.0 15.0 15.0 15.0
15.0 15.0 15.0 15.0 15.0 15.0
15.0 15.0 15.0 15.0 15.0 15.0
15.0 15.0 15.0 15.0 15.0 15.0
15.0 15.0 15.0 15.0 15.0 15.0
15.0 15.0 15.0 15.0 15.0 15.0
15.0 15.0 15.0 15.0 15.0 15.0
15.0 15.0 15.0 15.0 15.0 15.0
15.0 15.0 15.0 15.0 15.0 15.0
15.0 15.0 15.0 15.0 15.0 15.0
15.0 15.0 15.0 15.0 15.0 15.0
15.0 15.0 15.0 15.0 15.0 15.0
15.0 15.0 15.0 15.0 15.0 15.0
15.0 15.0 15.0 15.0 15.0 15.0
15.0 15.0 15.0 15.0 15.0 15.0
15.0 15.0 15.0 15.0 15.0 15.0
15.0 15.0 15.0 15.0 15.0 15.0
15.0 15.0 15.0 15.0 15.0 15.0
15.0 15.0 15.0 15.0 15.0 15.0
15.0 15.0 15.0 15.0 15.0 15.0
15.0 15.0 15.0 15.0 15.0 15.0
15.0 15.0 15.0 15.0 15.0 15.0
15.0 15.0 15.0 15.0 15.0 15.0
15.0 15.0 15.0 15.0 15.0 15.0
15.0 15.0 15.0 15.0 15.0 15.0
15.0 15.0 15.0 15.0 15.0 15.0
15.0 15.0 15.0 15.0 15.0 15.0
15.0 15.0 15.0 15.0 15.0 15.0
15.0 15.0 15.0 15.0 15.0 15.0
15.0 15.0 15.0 15.0 15.0 15.0
15.0 15.0 15.0 15.0 15.0 15.0
15.0 15.0 15.0 15.0 15.0 15.0
15.0 15.0 15.0 15.0 15.0 15.0
15.0 15.0 15.0 15.0 15.0 15.0
15.0 15.0 15.0 15.0 15.0 15.0
15.0 15.0 15.0 15.0 15.0 15.0
15.0 15.0 15.0 15.0 15.0 15.0
15.0 15.0 15.0 15.0 15.0 15.0
15.0 15.0 15.0 15.0 15.0 15.0
15.0 15.0 15.0 15.0 15.0 15.0
15.0 15.0 15.0 15.0 15.0 15.0
15.0 15.0 15.0 15.0 15.0 15.0
15.0 15.0 15.0 15.0 15.0 15.0
15.0 15.0 15.0 15.0 15.0 15.0
15.0 15.0 15.0 15.0 15.0 15.0
15.0 15.0 15.0 15.0 15.0 15.0
15.0 15.0 15.0 15.0 15.0 15.0
15.0 15.0 15.0 15.0 15.0 15.0
15.0 15.0 15.0 15.0 15.0 15.0
15.0 15.0 15.0 15.0 15.0 15.0
15.0 15.0 15.0 15.0 15.0 15.0
15.0 15.0 15.0 15.0 15.0 15.0
15.0 15.0 15.0 15.0 15.0 15.0
15.0 15.0 15.0 15.0 15.0 15.0
15.0 15.0 15.0 15.0 15.0 15.0
15.0 15.0 15.0 15.0 15.0 15.0
15.0 15.0 15.0 15.0 15.0 15.0
15.0 15.0 15.0 15.0 15.0 15.0
15.0 15.0 15.0 15.0 15.0 15.0
15.0 15.0 15.0 15.0 15.0 15.0
15.0 15.0 15.0 15.0 15.0 15.0
15.0 15.0 15.0 15.0 15.0 15.0
15.0 15.0 15.0 15.0 15.0 15.0
15.0 15.0 15.0 15.0 15.0 15.0
15.0 15.0 15.0 15.0 15.0 15.0
15.0 15.0 15.0 15.0 15.0 15.0
15.0 15.0 15.0 15.0 15.0 15.0
15.0 15.0 15.0 15.0 15.0 15.0
15.0 15.0 15.0 15.0 15.0 15.0
15.0 15.0 15.0 15.0 15.0 15.0
15.0 15.0 15.0 15.0 15.0 15.0
15.0 15.0 15.0 15.0 15.0 15.0
15.0 15.0 15.0 15.0 15.0 15.0
15.0 15.0 15.0 15.0 15.0 15.0
15.0 15.0 15.0 15.0 15.0 15.0
15.0 15.0 15.0 15.0 15.0 15.0
15.0 15.0 15.0 15.0 15.0 15.0
15.0 15.0 15.0 15.0 15.0 15.0
15.0 15.0 15.0 15.0 15.0 15.0
15.0 15.0 15.0 15.0 15.0 15.0
15.0 15.0 15.0 15.0 15.0 15.0
15.0 15.0 15.0 15.0 15.0 15.0
15.0 15.0 15.0 15.0 15.0 15.0
15.0 15.0 15.0 15.0 15.0 15.0
15.0 15.0 15.0 15.0 15.0 15.0
15.0 15.0 15.0 15.0 15.0 15.0
15.0 15.0 15.0 15.0 15.0 15.0
15.0 15.0 15.0 15.0 15.0 15.0
15.0 15.0 15.0 15.0 15.0 15.0
15.0 15.0 15.0 15.0 15.0 15.0
15.0 15.0 15.0 15.0 15.0 15.0
15.0 15.0 15.0 15.0 15.0 15.0
15.0 15.0 15.0 15.0 15.0 15.0
15.0 15.0 15.0 15.0 15.0 15.0
15.0 15.0 15.0 15.0 15.0 15.0
15.0 15.0 15.0 15.0 15.0 15.0
15.0 15.0 15.0 15.0 15.0 15.0
15.0 15.0 15.0 15.0 15.0 15.0
15.0 15.0 15.0 15.0 15.0 15.0
15.0 15.0 15.0 15.0 15.0 15.0
15.0 15.0 15.0 15.0 15.0 15.0
15.0 15.0 15.0 15.0 15.0 15.0
15.0 15.0 15.0 15.0 15.0 15.0
15.0 15.0 15.0 15.0 15.0 15.0
15.0 15.0 15.0 15.0 15.0 15.0
15.0 15.0 15.0 15.0 15.0 15.0
15.0 15.0 15.0 15.0 15.0 15.0
15.0 15.0 15.0 15.0 15.0 15.0
15.0 15.0 15.0 15.0 15.0 15.0
15.0 15.0 15.0 15.0 15.0 15.0
15.0 15.0 15.0 15.0 15.0 15.0
15.0 15.0 15.0 15.0 15.0 15.0
15.0 15.0 15.0 15.0 15.0 15.0
15.0 15.0 15.0 15.0 15.0 15.0
15.0 15.0 15.0 15.0 15.0 15.0
15.0 15.0 15.0 15.0 15.0 15.0
15.0 15.0 15.0 15.0 15.0 15.0
15.0 15.0 15.0 15.0 15.0 15.0
15.0 15.0 15.0 15.0 15.0 15.0
15.0 15.0 15.0 15.0 15.0 15.0
15.0 15.0 15.0 15.0 15.0 15.0
15.0 15.0 15.0 15.0 15.0 15.0
15.0 15.0 15.0 15.0 15.0 15.0
15.0 15.0 15.0 15.0 15.0 15.0
15.0 15.0 15.0 15.0 15.0 15.0
15.0 15.0 15.0 15.0 15.0 15.0
15.0 15.0 15.0 15.0 15.0 15.0
15.0 15.0 15.0 15.0 15.0 15.0
15.0 15.0 15.0 15.0 15.0 15.0
15.0 15.0 15.0 15.0 15.0 15.0
15.0 15.0 15.0 15.0 15.0 15.0
15.0 15.0 15.0 15.0 15.0 15.0
15.0 15.0 15.0 15.0 15.0 15.0
15.0 15.0 15.0 15.0 15.0 15.0
15.0 15.0 15.0 15.0 15.0 15.0
15.0 15.0 15.0 15.0 15.0 15.0
15.0 15.0 15.0 15.0 15.0 15.0
15.0 15.0 15.0 15.0 15.0 15.0
15.0 15.0 15.0 15.0 15.0 15.0
15.0 15.0 15.0 15.0 15.0 15.0
15.0 15.0 15.0 15.0 15.0 15.0
15.0 15.0 15.0 15.0 15.0 15.0
15.0 15.0 15.0 15.0 15.0 15.0
15.0 15.0 15.0 15.0 15.0 15.0
15.0 15.0 15.0 15.0 15.0 15.0
15.0 15.0 15.0 15.0 15.0 15.0
15.0 15.0 15.0 15.0 15.0 15.0
15.0 15.0 15.0 15.0 15.0 15.0
15.0 15.0 15.0 15.0 15.0 15.0
15.0 15.0 15.0 15.0 15.0 15.0
15.0 15.0 15.0 15.0 15.0 15.0
15.0 15.0 15.0 15.0 15.0 15.0
15.0 15.0 15.0 15.0 15.0 15.0
15.0 15.0 15.0 15.0 15.0 15.0
15.0 15.0 15.0 15.0 15.0 15.0
15.0 15.0 15.0 15.0 15.0 15.0
15.0 15.0 15.0 15.0 15.0 15.0
15.0 15.0 15.0 15.0 15.0 15.0
15.0 15.0 15.0 15.0 15.0 15.0
15.0 15.0 15.0 15.0 15.0 15.0
15.0 15.0 15.0 15.0 15.0 15.0
15.0 15.0 15.0 15.0 15.0 15.0
15.0 15.0 15.0 15.0 15.0 15.0
15.0 15.0 15.0 15.0 15.0 15.0
15.0 15.0 15.0 15.0 15.0 15.0
15.0 15.0 15.0 15.0 15.0 15.0
15.0 15.0 15.0 15.0 15.0 15.0
15.0 15.0 15.0 15.0 15.0 15.0
15.0 15.0 15.0 15.0 15.0 15.0
15.0 15.0 15.0 15.0 15.0 15.0
15.0 15.0 15.0 15.0 15.0 15.0
15.0 15.0 15.0 15.0 15.0 15.0
15.0 15.0 15.0 15.0 15.0 15.0
15.0 15.0 15.0 15.0 15.0 15.0
15.0 15.0 15.0 15.0 15.0 15.0
15.0 15.0 15.0 15.0 15.0 15.0
15.0 15.0 15.0 15.0 15.0 15.0
15.0 15.0 15.0 15.0 15.0 15.0
15.0 15.0 15.0 15.0 15.0 15.0
15.0 15.0 15.0 15.0 15.0 15.0
15.0 15.0 15.0 15.0 15.0 15.0
15.0 15.0 15.0 15.0 15.0 15.0
15.0 15.0 15.0 15.0 15.0 15.0
15.0 15.0 15.0 15.0 15.0 15.0
15.0 15.0 15.0 15.0 15.0 15.0
15.0 15.0 15.0 15.0 15.0 15.0
15.0 15.0 15.0 15.0 15.0 15.0
15.0 15.0 15.0 15.0 15.0 15.0
15.0 15.0 15.0 15.0 15.0 15.0
15.0 15.0 15.0 15.0 15.0 15.0
15.0 15.0 15.0 15.0 15.0 15.0
15.0 15.0 15.0 15.0 15.0 15.0
15.0 15.0 15.0 15.0 15.0 15.0
15.0 15.0 15.0 15.0 15.0 15.0
15.0 15.0 15.0 15.0 15.0 15.0
15.0 15.0 15.0 15.0 15.0 15.0
15.0 15.0 15.0 15.0 15.0 15.0
15.0 15.0 15.0 15.0 15.0 15.0
15.0 15.0 15.0 15.0 15.0 15.0
15.0 15.0 15.0 15.0 15.0 15.0
15.0 15.0 15.0 15.0 15.0 15.0
15.0 15.0 15.0 15.0 15.0 15.0
15.0 15.0 15.0 15.0 15.0 15.0
15.0 15.0 15.0 15.0 15.0 15.0
15.0 15.0 15.0 15.0 15.0 15.0
15.0 15.0 15.0 15.0 15.0 15.0
15.0 15.0 15.0 15.0 15.0 15.0
15.0 15.0 15.0 15.0 15.0 15.0
15.0 15.0 15.0 15.0 15.0 15.0
15.0 15.0 15.0 15.0 15.0 15.0
15.0 15.0 15.0 15.0 15.0 15.0
15.0 15.0 15.0 15.0 15.0 15.0
15.0 15.0 15.0 15.0 15.0 15.0
15.0 15.0 15.0 15.0 15.0 15.0
15.0 15.0 15.0 15.0 15.0 15.0
15.0 15.0 15.0 15.0 15.0 15.0
15.0 15.0 15.0 15.0 15.0 15.0
15.0 15.0 15.0 15.0 15.0 15.0
15.0 15.0 15.0 15.0 15.0 15.0
15.0 15.0 15.0 15.0 15.0 15.0
15.0 15.0 15.0 15.0 15.0 15.0
15.0 15.0 15.0 15.0 15.0 15.0
15.0 15.0 15.0 15.0 15.0 15.0
15.0 15.0 15.0 15.0 15.0 15.0
15.0 15.0 15.0 15.0 15.0 15.0
15.0 15.0 15.0 15.0 15.0 15.0
15.0 15.0 15.0 15.0 15.0 15.0
15.0 15.0 15.0 15.0 15.0 15.0
15.0 15.0 15.0 15.0 15.0 15.0
15.0 15.0 15.0 15.0 15.0 15.0
15.0 15.0 15.0 15.0 15.0 15.0
15.0 15.0 15.0 15.0 15.0 15.0
15.0 15.0 15.0 15.0 15.0 15.0
15.0 15.0 15.0 15.0 15.0 15.0
15.0 15.0 15.0 15.0 15.0 15.0
15.0 15.0 15.0 15.0 15.0 15.0
15.0 15.0 15.0 15.0 15.0 15.0
15.0 15.0 15.0 15.0 15.0 15.0
15.0 15.0 15.0 15.0 15.0 15.0
15.0 15.0 15.0 15.0 15.0 15.0
15.0 15.0 15.0 15.0 15.0 15.0
15.0 15.0 15.0 15.0 15.0 15.0
15.0 15.0 15.0 15.0 15.0 15.0
15.0 15.0 15.0 15.0 15.0 15.0
15.0 15.0 15.0 15.0 15.0 15.0
15.0 15.0 15.0 15.0 15.0 15.0
15.0 15.0 15.0 15.0 15.0 15.0
15.0 15.0 15.0 15.0 15.0 15.0
15.0 15.0 15.0 15.0 15.0 15.0
15.0 15.0 15.0 15.0 15.0 15.0
15.0 15.0 15.0 15.0 15.0 15.0
15.0 15.0 15.0 15.0 15.0 15.0
15.0 15.0 15.0 15.0 15.0 15.0
15.0 15.0 15.0 15.0 15.0 15.0
15.0 15.0 15.0 15.0 15.0 15.0
15.0 15.0 15.0 15.0 15.0 15.0
15.0 15.0 15.0 15.0 15.0 15.0
15.0 15.0 15.0 15.0 15.0 15.0
15.0 15.0 15.0 15.0 15.0 15.0
15.0 15.0 15.0 15.0 15.0 15.0
15.0 15.0 15.0 15.0 15.0 15.0
15.0 15.0 15.0 15.0 15.0 15.0
15.0 15.0 15.0 15.0 15.0 15.0
15.0 15.0 15.0 15.0 15.0 15.0
15.0 15.0 15.0 15.0 15.0 15.0
15.0 15.0 15.0 15.0 15.0 15.0
15.0 15.0 15.0 15.0 15.0 15.0
15.0 15.0 15.0 15.0 15.0 15.0
15.0 15.0 15.0 15.0 15.0 15.0
15.0 15.0 15.0 15.0 15.0 15.0
15.0 15.0 15.0 15.0 15.0 15.0
15.0 15.0 15.0 15.0 15.0 15.0
15.0 15.0 15.0 15.0 15.0 15.0
15.0 15.0 15.0 15.0 15.0 15.0
15.0 15.0 15.0 15.0 15.0 15.0
15.0 15.0 15.0 15.0 15.0 15.0
15.0 15.0 15.0 15.0 15.0 15.0
15.0 15.0 15.0 15.0 15.0 15.0
15.0 15.0 15.0 15.0 15.0 15.0
15.0 15.0 15.0 15.0 15.0 15.0
15.0 15.0 15.0 15.0 15.0 15.0
15.0 15.0 15.0 15.0 15.0 15.0
15.0 15.0 15.0 15.0 15.0 15.0
15.0 15.0 15.0 15.0 15.0 15.0
15.0 15.0 15.0 15.0 15.0 15.0
15.0 15.0 15.0 15.0 15.0 15.0
15.0 15.0 15.0 15.0 15.0 15.0
15.0 15.0 15.0 15.0 15.0 15.0
15.0 15.0 15.0 15.0 15.0 15.0
15.0 15.0 15.0 15.0 15.0 15.0
15.0 15.0 15.0 15.0 15.0 15.0
15.0 15.0 15.0 15.0 15.0 15.0
15.0 15.0 15.0 15.0 15.0 15.0
15.0 15.0 15.0 15.0 15.0 15.0
15.0 15.0 15.0 15.0 15.0 15.0
15.0 15.0 15.0 15.0 15.0 15.0
15.0 15.0 15.0 15.0 15.0 15.0
15.0 15.0 15.0 15.0 15.0 15.0
15.0 15.0 15.0 15.0 15.0 15.0
15.0 15.0 15.0 15.0 15.0 15.0
15.0 15.0 15.0 15.0 15.0 15.0
15.0 15.0 15.0 15.0 15.0 15.0
15.0 15.0 15.0 15.0 15.0 15.0
15.0 15.0 15.0 15.0 15.0 15.0
15.0 15.0 15.0 15.0 15.0 15.0
15.0 15.0 15.0 15.0 15.0 15.0
15.0 15.0 15.0 15.0 15.0 15.0
15.0 15.0 15.0 15.0 15.0 15.0
15.0 15.0 15.0 15.0 15.0 15.0
15.0 15.0 15.0 15.0 15.0 15.0
15.0 15.0 15.0 15.0 15.0 15.0
15.0 15.0 15.0 15.0 15.0 15.0
15.0 15.0 15.0 15.0 15.0 15.0
15.0 15.0 15.0 15.0 15.0 15.0
15.0 15.0 15.0 15.0 15.0 15.0
15.0 15.0 15.0 15.0 15.0 15.0
15.0 15.0 15.0 15.0 15.0 15.0
15.0 15.0 15.0 15.0 15.0 15.0
15.0 15.0 15.0 15.0 15.0 15.0
15.0 15.0 15.0 15.0 15.0 15.0
15.0 15.0 15.0 15.0 15.0 15.0
15.0 15.0 15.0 15.0 15.0 15.0
15.0 15.0 15.0 15.0 15.0 15.0
15.0 15.0 15.0 15.0 15.0 15.0
15.0 15.0 15.0 15.0 15.0 15.0
15.0 15.0 15.0 15.0 15.0 15.0
15.0 15.0 15.0 15.0 15.0 15.0
15.0 15.0 15.0 15.0 15.0 15.0
15.0 15.0 15.0 15.0 15.0 15.0
15.0 15.0 15.0 15.0 15.0 15.0
15.0 15.0 15.0 15.0 15.0 15.0
15.0 15.0 15.0 15.0 15.0 15.0
15.0 15.0 15.0 15.0 15.0 15.0
15.0 15.0 15.0 15.0 15.0 15.0
15.0 15.0 15.0 15.0 15.0 15.0
15.0 15.0 15.0 15.0 15.0 15.0
15.0 15.0 15.0 15.0 15.0 15.0
15.0 15.0 15.0 15.0 15.0 15.0
15.0 15.0 15.0 15.0 15.0 15.0
15.0 15.0 15.0 15.0 15.0 15.0
15.0 15.0 15.0 15.0 15.0 15.0
15.0 15.0 15.0 15.0 15.0 15.0
15.0 15.0 15.0 15.0 15.0 15.0
15.0 15.0 15.0 15.0 15.0 15.0
15.0 15.0 15.0 15.0 15.0 15.0
15.0 15.0 15.0 15.0 15.0 15.0
15.0 15.0 15.0 15.0 15.0 15.0
15.0 15.0 15.0 15.0 15.0 15.0
15.0 15.0 15.0 15.0 15.0 15.0
15.0 15.0 15.0 15.0 15.0 15.0
15.0 15.0 15.0 15.0 15.0 15.0
15.0 15.0 15.0 15.0 15.0 15.0
15.0 15.0 15.0 15.0 15.0 15.0
15.0 15.0 15.0 15.0 15.0 15.0
15.0 15.0 15.0 15.0 15.0 15.0
15.0 15.0 15.0 15.0 15.0 15.0
15.0 15.0 15.0 15.0 15.0 15.0
15.0 15.0 15.0 15.0 15.0 15.0
15.0 15.0 15.0 15.0 15.0 15.0
15.0 15.0 15.0 15.0 15.0 15.0
15.0 15.0 15.0 15.0 15.0 15.0
15.0 15.0 15.0 15.0 15.0 15.0
15.0 15.0 15.0 15.0 15.0 15.0
15.0 15.0 15.0 15.0 15.0 15.0
15.0 15.0 15.0 15.0 15.0 15.0
15.0 15.0 15.0 15.0 15.0 15.0
15.0 15.0 15.0 15.0 15.0 15.0
15.0 15.0 15.0 15.0 15.0 15.0
15.0 15.0 15.0 15.0 15.0 15.0
15.0 15.0 15.0 15.0 15.0 15.0
15.0 15.0 15.0 15.0 15.0 15.0
15.0 15.0 15.0 15.0 15.0 15.0
15.0 15.0 15.0 15.0 15.0 15.0
15.0 15.0 15.0 15.0 15.0 15.0
15.0 15.0 15.0 15.0 15.0 15.0
15.0 15.0 15.0 15.0 15.0 15.0
15.0 15.0 15.0 15.0 15.0 15.0
15.0 15.0 15.0 15.0 15.0 15.0
15.0 15.0 15.0 15.0 15.0 15.0
15.0 15.0 15.0 15.0 15.0 15.0
15.0 15.0 15.0 15.0 15.0 15.0
15.0 15.0 15.0 15.0 15.0 15.0
15.0 15.0 15.0 15.0 15.0 15.0
15.0 15.0 15.0 15.0 15.0 15.0
15.0 15.0 15.0 15.0 15.0 15.0
15.0 15.0 15.0 15.0 15.0 15.0
15.0 15.0 15.0 15.0 15.0 15.0
15.0 15.0 15.0 15.0 15.0 15.0
15.0 15.0 15.0 15.0 15.0 15.0
15.0 15.0 15.0 15.0 15.0 15.0
15.0 15.0 15.0 15.0 15.0 15.0
15.0 15.0 15.0 15.0 15.0 15.0
15.0 15.0 15.0 15.0 15.0 15.0
15.0 15.0 15.0 15.0 15.0 15.0
15.0 15.0 15.0 15.0 15.0 15.0
15.0 15.0 15.0 15.0 15.0 15.0
15.0 15.0 15.0 15.0 15.0 15.0
15.0 15.0 15.0 15.0 15.0 15.0
15.0 15.0 15.0 15.0 15.0 15.0
15.0 15.0 15.0 15.0 15.0 15.0
15.0 15.0 15.0 15.0 15.0 15.0
15.0 15.0 15.0 15.0 15.0 15.0
15.0 15.0 15.0 15.0 15.0 15.0
15.0 15.0 15.0 15.0 15.0 15.0
15.0 15.0 15.0 15.0 15.0 15.0
15.0 15.0 15.0 15.0 15.0 15.0
15.0 15.0 15.0 15.0 15.0 15.0
15.0 15.0 15.0 15.0 15.0 15.0
15.0 15.0 15.0 15.0 15.0 15.0
15.0 15.0 15.0 15.0 15.0 15.0
15.0 15.0 15.0 15.0 15.0 15.0
15.0 15.0 15.0 15.0 15.0 15.0
15.0 15.0 15.0 15.0 15.0 15.0
15.0 15.0 15.0 15.0 15.0 15.0
15.0 15.0 15.0 15.0 15.0 15.0
15.0 15.0 15.0 15.0 15.0 15.0
15.0 15.0 15.0 15.0 15.0 15.0
15.0 15.0 15.0 15.0 15.0 15.0
15.0 15.0 15.0 15.0 15.0 15.0
15.0 15.0 15.0 15.0 15.0 15.0
15.0 15.0 15.0 15.0 15.0 15.0
15.0 15.0 15.0 15.0 15.0 15.0
15.0 15.0 15.0 15.0 15.0 15.0
15.0 15.0 15.0 15.0 15.0 15.0
15.0 15.0 15.0 15.0 15.0 15.0
15.0 15.0 15.0 15.0 15.0 15.0
15.0 15.0 15.0 15.0 15.0 15.0
15.0 15.0 15.0 15.0 15.0 15.0
15.0 15.0 15.0 15.0 15.0 15.0
15.0 15.0 15.0 15.0 15.0 15.0
15.0 15.0 15.0 15.0 15.0 15.0
15.0 15.0 15.0 15.0 15.0 15.0
15.0 15.0 15.0 15.0 15.0 15.0
15.0 15.0 15.0 15.0 15.0 15.0
15.0 15.0 15.0 15.0 15.0 15.0
15.0 15.0 15.0 15.0 15.0 15.0
15.0 15.0 15.0 15.0 15.0 15.0
15.0 15.0 15.0 15.0 15.0 15.0
15.0 15.0 15.0 15.0 15.0 15.0
15.0 15.0 15.0 15.0 15.0 15.0
15.0 15.0 15.0 15.0 15.0 15.0
15.0 15.0 15.0 15.0 15.0 15.0
15.0 15.0 15.0 15.0 15.0 15.0
15.0 15.0 15.0 15.0 15.0 15.0
15.0 15.0 15.0 15.0 15.0 15.0
15.0 15.0 15.0 15.0 15.0 15.0
15.0 15.0 15.0 15.0 15.0 15.0
15.0 15.0 15.0 15.0 15.0 15.0
15.0 15.0 15.0 15.0 15.0 15.0
15.0 15.0 15.0 15.0 15.0 15.0
15.0 15.0 15.0 15.0 15.0 15.0
15.0 15.0 15.0 15.0 15.0 15.0
15.0 15.0 15.0 15.0 15.0 15.0
15.0 15.0 15.0 15.0 15.0 15.0
15.0 15.0 15.0 15.0 15.0 15.0
15.0 15.0 15.0 15.0 15.0 15.0
15.0 15.0 15.0 15.0 15.0 15.0
15.0 15.0 15.0 15.0 15.0 15.0
15.0 15.0 15.0 15.0 15.0 15.0
15.0 15.0 15.0 15.0 15.0 15.0
15.0 15.0 15.0 15.0 15.0 15.0
15.0 15.0 15.0 15.0 15.0 15.0
15.0 15.0 15.0 15.0 15.0 15.0
15.0 15.0 15.0 15.0 15.0 15.0
15.0 15.0 15.0 15.0 15.0 15.0
15.0 15.0 15.0 15.0 15.0 15.0
15.0 15.0 15.0 15.0 15.0 15.0
15.0 15.0 15.0 15.0 15.0 15.0
15.0 15.0 15.0 15.0 15.0 15.0
15.0 15.0 15.0 15.0 15.0 15.0
15.0 15.0 15.0 15.0 15.0 15.0
15.0 15.0 15.0 15.0 15.0 15.0
15.0 15.0 15.0 15.0 15.0 15.0
15.0 15.0 15.0 15.0 15.0 15.0
15.0 15.0 15.0 15.0 15.0 15.0
15.0 15.0 15.0 15.0 15.0 15.0
15.0 15.0 15.0 15.0 15.0 15.0
15.0 15.0 15.0 15.0 15.0 15.0
15.0 15.0 15.0 15.0 15.0 15.0
15.0 15.0 15.0 15.0 15.0 15.0
15.0 15.0 15.0 15.0 15.0 15.0
15.0 15.0 15.0 15.0 15.0 15.0
15.0 15.0 15.0 15.0 15.0 15.0
15.0 15.0 15.0 15.0 15.0 15.0
15.0 15.0 15.0 15.0 15.0 15.0
15.0 15.0 15.0 15.0 15.0 15.0
15.0 15.0 15.0 15.0 15.0 15.0
15.0 15.0 15.0 15.0 15.0 15.0
15.0 15.0 15.0 15.0 15.0 15.0
15.0 15.0 15.0 15.0 15.0 15.0
15.0 15.0 15.0 15.0 15.0 15.0
15.0 15.0 15.0 15.0 15.0 15.0
15.0 15.0 15.0 15.0 15.0 15.0
15.0 15.0 15.0 15.0 15.0 15.0
15.0 15.0 15.0 15.0 15.0 15.0
15.0 15.0 15.0 15.0 15.0 15.0
15.0 15.0 15.0 15.0 15.0 15.0
15.0 15.0 15.0 15.0 15.0 15.0
15.0 15.0 15.0 15.0 15.0 15.0
15.0 15.0 15.0 15.0 15.0 15.0
15.0 15.0 15.0 15.0 15.0 15.0
15.0 15.0 15.0 15.0 15.0 15.0
15.0 15.0 15.0 15.0 15.0 15.0
15.0 15.0 15.0 15.0 15.0 15.0
15.0 15.0 15.0 15.0 15.0 15.0
15.0 15.0 15.0 15.0 15.0 15.0
15.0 15.0 15.0 15.0 15.0 15.0
15.0 15.0 15.0 15.0 15.0 15.0
15.0 15.0 15.0 15.0 15.0 15.0
15.0 15.0 15.0 15.0 15.0 15.0
15.0 15.0 15.0 15.0 15.0 15.0
15.0 15.0 15.0 15.0 15.0 15.0
15.0 15.0 15.0 15.0 15.0 15.0
15.0 15.0 15.0 15.0 15.0 15.0
15.0 15.0 15.0 15.0 15.0 15.0
15.0 15.0 15.0 15.0 15.0 15.0
15.0 15.0 15.0 15.0 15.0 15.0
15.0 15.0 15.0 15.0 15.0 15.0
15.0 15.0 15.0 15.0 15.0 15.0
15.0 15.0 15.0 15.0 15.0 15.0
15.0 15.0 15.0 15.0 15.0 15.0
15.0 15.0 15.0 15.0 15.0 15.0
15.0 15.0 15.0 15.0 15.0 15.0
15.0 15.0 15.0 15.0 15.0 15.0
15.0 15.0 15.0 15.0 15.0 15.0
15.0 15.0 15.0 15.0 15.0 15.0
15.0 15.0 15.0 15.0 15.0 15.0
15.0 15.0 15.0 15.0 15.0 15.0
15.0 15.0 15.0 15.0 15.0 15.0
15.0 15.0 15.0 15.0 15.0 15.0
15.0 15.0 15.0 15.0 15.0 15.0
15.0 15.0 15.0 15.0 15.0 15.0
15.0 15.0 15.0 15.0 15.0 15.0
15.0 15.0 15.0 15.0 15.0 15.0
15.0 15.0 15.0 15.0 15.0 15.0
15.0 15.0 15.0 15.0 15.0 15.0
15.0 15.0 15.0 15.0 15.0 15.0
15.0 15.0 15.0 15.0 15.0 15.0
15.0 15.0 15.0 15.0 15.0 15.0
15.0 15.0 15.0 15.0 15.0 15.0
15.0 15.0 15.0 15.0 15.0 15.0
15.0 15.0 15.0 15.0 15.0 15.0
15.0 15.0 15.0 15.0 15.0 15.0
15.0 15.0 15.0 15.0 15.0 15.0
15.0 15.0 15.0 15.0 15.0 15.0
15.0 15.0 15.0 15.0 15.0 15.0
15.0 15.0 15.0 15.0 15.0 15.0
15.0 15.0 15.0 15.0 15.0 15.0
15.0 15.0 15.0 15.0 15.0 15.0
15.0 15.0 15.0 15.0 15.0 15.0
15.0 15.0 15.0 15.0 15.0 15.0
15.0 15.0 15.0 15.0 15.0 15.0
15.0 15.0 15.0 15.0 15.0 15.0
15.0 15.0 15.0 15.0 15.0 15.0
15.0 15.0 15.0 15.0 15.0 15.0
15.0 15.0 15.0 15.0 15.0 15.0
15.0 15.0 15.0 15.0 15.0 15.0
15.0 15.0 15.0 15.0 15.0 15.0
15.0 15.0 15.0 15.0 15.0 15.0
15.0 15.0 15.0 15.0 15.0 15.0
15.0 15.0 15.0 15.0 15.0 15.0
15.0 15.0 15.0 15.0 15.0 15.0
15.0 15.0 15.0 15.0 15.0 15.0
15.0 15.0 15.0 15.0 15.0 15.0
15.0 15.0 15.0 15.0 15.0 15.0
15.0 15.0 15.0 15.0 15.0 15.0
15.0 15.0 15.0 15.0 15.0 15.0
15.0 15.0 15.0 15.0 15.0 15.0
15.0 15.0 15.0 15.0 15.0 15.0
15.0 15.0 15.0 15.0 15.0 15.0
15.0 15.0 15.0 15.0 15.0 15.0
15.0 15.0 15.0 15.0 15.0 15.0
15.0 15.0 15.0 15.0 15.0 15.0
15.0 15.0 15.0 15.0 15.0 15.0
15.0 15.0 15.0 15.0 15.0 15.0
15.0 15.0 15.0 15.0 15.0 15.0
15.0 15.0 15.0 15.0 15.0 15.0
15.0 15.0 15.0 15.0 15.0 15.0
15.0 15.0 15.0 15.0 15.0 15.0
15.0 15.0 15.0 15.0 15.0 15.0
15.0 15.0 15.0 15.0 15.0 15.0
15.0 15.0 15.0 15.0 15.0 15.0
15.0 15.0 15.0 15.0 15.0 15.0
15.0 15.0 15.0 15.0 15.0 15.0
15.0 15.0 15.0 15.0 15.0 15.0
15.0 15.0 15.0 15.0 15.0 15.0
15.0 15.0 15.0 15.0 15.0 15.0
15.0 15.0 15.0 15.0 15.0 15.0
15.0 15.0 15.0 15.0 15.0 15.0
15.0 15.0 15.0 15.0 15.0 15.0
15.0 15.0 15.0 15.0 15.0 15.0
15.0 15.0 15.0 15.0 15.0 15.0
15.0 15.0 15.0 15.0 15.0 15.0
15.0 15.0 15.0 15.0 15.0 15.0
15.0 15.0 15.0 15.0 15.0 15.0
15.0 15.0 15.0 15.0 15.0 15.0
15.0 15.0 15.0 15.0 15.0 15.0
15.0 15.0 15.0 15.0 15.0 15.0
15.0 15.0 15.0 15.0 15.0 15.0
15.0 15.0 15.0 15.0 15.0 15.0
15.0 15.0 15.0 15.0 15.0 15.0
15.0 15.0 15.0 15.0 15.0 15.0
15.0 15.0 15.0 15.0 15.0 15.0
15.0 15.0 15.0 15.0 15.0 15.0
15.0 15.0 15.0 15.0 15.0 15.0
15.0 15.0 15.0 15.0 15.0 15.0
15.0 15.0 15.0 15.0 15.0 15.0
15.0 15.0 15.0 15.0 15.0 15.0
15.0 15.0 15.0 15.0 15.0 15.0
15.0 15.0 15.0 15.0 15.0 15.0
15.0 15.0 15.0 15.0 15.0 15.0
15.0 15.0 15.0 15.0 15.0 15.0
15.0 15.0 15.0 15.0 15.0 15.0
15.0 15.0 15.0 15.0 15.0 15.0
15.0 15.0 15.0 15.0 15.0 15.0
15.0 15.0 15.0 15.0 15.0 15.0
15.0 15.0 15.0 15.0 15.0 15.0
15.0 15.0 15.0 15.0 15.0 15.0
15.0 15.0 15.0 15.0 15.0 15.0
15.0 15.0 15.0 15.0 15.0 15.0
15.0 15.0 15.0 15.0 15.0 15.0
15.0 15.0 15.0 15.0 15.0 15.0
15.0 15.0 15.0 15.0 15.0 15.0
15.0 15.0 15.0 15.0 15.0 15.0
15.0 15.0 15.0 15.0 15.0 15.0
15.0 15.0 15.0 15.0 15.0 15.0
15.0 15.0 15.0 15.0 15.0 15.0
15.0 15.0 15.0 15.0 15.0 15.0
15.0 15.0 15.0 15.0 15.0 15.0
15.0 15.0 15.0 15.0 15.0 15.0
15.0 15.0 15.0 15.0 15.0 15.0
15.0 15.0 15.0 15.0 15.0 15.0
15.0 15.0 15.0 15.0 15.0 15.0
15.0 15.0 15.0 15.0 15.0 15.0
15.0 15.0 15.0 15.0 15.0 15.0
15.0 15.0 15.0 15.0 15.0 15.0
15.0 15.0 15.0 15.0 15.0 15.0
15.0 15.0 15.0 15.0 15.0 15.0
15.0 15.0 15.0 15.0 15.0 15.0
15.0 15.0 15.0 15.0 15.0 15.0
15.0 15.0 15.0 15.0 15.0 15.0
15.0 15.0 15.0 15.0 15.0 15.0
15.0 15.0 15.0 15.0 15.0 15.0
15.0 15.0 15.0 15.0 15.0 15.0
15.0 15.0 15.0 15.0 15.0 15.0
15.0 15.0 15.0 15.0 15.0 15.0
15.0 15.0 15.0 15.0 15.0 15.0
15.0 15.0 15.0 15.0 15.0 15.0
15.0 15.0 15.0 15.0 15.0 15.0
15.0 15.0 15.0 15.0 15.0 15.0
15.0 15.0 15.0 15.0 15.0 15.0
15.0 15.0 15.0 15.0 15.0 15.0
15.0 15.0 15.0 15.0 15.0 15.0
15.0 15.0 15.0 15.0 15.0 15.0
15.0 15.0 15.0 15.0 15.0 15.0
15.0 15.0 15.0 15.0 15.0 15.0
15.0 15.0 15.0 15.0 15.0 15.0
15.0 15.0 15.0 15.0 15.0 15.0
15.0 15.0 15.0 15.0 15.0 15.0
15.0 15.0 15.0 15.0 15.0 15.0
15.0 15.0 15.0 15.0 15.0 15.0
15.0 15.0 15.0 15.0 15.0 15.0
15.0 15.0 15.0 15.0 15.0 15.0
15.0 15.0 15.0 15.0 15.0 15.0
15.0 15.0 15.0 15.0 15.0 15.0
15.0 15.0 15.0 15.0 15.0 15.0
15.0 15.0 15.0 15.0 15.0 15.0
15.0 15.0 15.0 15.0 15.0 15.0
15.0 15.0 15.0 15.0 15.0 15.0
15.0 15.0 15.0 15.0 15.0 15.0
15.0 15.0 15.0 15.0 15.0 15.0
15.0 15.0 15.0 15.0 15.0 15.0
15.0 15.0 15.0 15.0 15.0 15.0
15.0 15.0 15.0 15.0 15.0 15.0
15.0 15.0 15.0 15.0 15.0 15.0
15.0 15.0 15.0 15.0 15.0 15.0
15.0 15.0 15.0 15.0 15.0 15.0
15.0 15.0 15.0 15.0 15.0 15.0
15.0 15.0 15.0 15.0 15.0 15.0
15.0 15.0 15.0 15.0 15.0 15.0
15.0 15.0 15.0 15.0 15.0 15.0
15.0 15.0 15.0 15.0 15.0 15.0
15.0 15.0 15.0 15.0 15.0 15.0
15.0 15.0 15.0 15.0 15.0 15.0
15.0 15.0 15.0 15.0 15.0 15.0
15.0 15.0 15.0 15.0 15.0 15.0
15.0 15.0 15.0 15.0 15.0 15.0
15.0 15.0 15.0 15.0 15.0 15.0
15.0 15.0 15.0 15.0 15.0 15.0
15.0 15.0 15.0 15.0 15.0 15.0
15.0 15.0 15.0 15.0 15.0 15.0
15.0 15.0 15.0 15.0 15.0 15.0
15.0 15.0 15.0 15.0 15.0 15.0
15.0 15.0 15.0 15.0 15.0 15.0
15.0 15.0 15.0 15.0 15.0 15.0
15.0 15.0 15.0 15.0 15.0 15.0
15.0 15.0 15.0 15.0 15.0 15.0
15.0 15.0 15.0 15.0 15.0 15.0
15.0 15.0 15.0 15.0 15.0 15.0
15.0 15.0 15.0 15.0 15.0 15.0
15.0 15.0 15.0 15.0 15.0 15.0
15.0 15.0 15.0 15.0 15.0 15.0
15.0 15.0 15.0 15.0 15.0 15.0
15.0 15.0 15.0 15.0 15.0 15.0
15.0 15.0 15.0 15.0 15.0 15.0
15.0 15.0 15.0 15.0 15.0 15.0
15.0 15.0 15.0 15.0 15.0 15.0
15.0 15.0 15.0 15.0 15.0 15.0
15.0 15.0 15.0 15.0 15.0 15.0
15.0 15.0 15.0 15.0 15.0 15.0
15.0 15.0 15.0 15.0 15.0 15.0
15.0 15.0 15.0 15.0 15.0 15.0
15.0 15.0 15.0 15.0 15.0 15.0
15.0 15.0 15.0 15.0 15.0 15.0
15.0 15.0 15.0 15.0 15.0 15.0
15.0 15.0 15.0 15.0 15.0 15.0
15.0 15.0 15.0 15.0 15.0 15.0
15.0 15.0 15.0 15.0 15.0 15.0
15.0 15.0 15.0 15.0 15.0 15.0
15.0 15.0 15.0 15.0 15.0 15.0
15.0 15.0 15.0 15.0 15.0 15.0
15.0 15.0 15.0 15.0 15.0 15.0
15.0 15.0 15.0 15.0 15.0 15.0
15.0 15.0 15.0 15.0 15.0 15.0
15.0 15.0 15.0 15.0 15.0 15.0
15.0 15.0 15.0 15.0 15.0 15.0
15.0 15.0 15.0 15.0 15.0 15.0
15.0 15.0 15.0 15.0 15.0 15.0
15.0 15.0 15.0 15.0 15.0 15.0
15.0 15.0 15.0 15.0 15.0 15.0
15.0 15.0 15.0 15.0 15.0 15.0
15.0 15.0 15.0 15.0 15.0 15.0
15.0 15.0 15.0 15.0 15.0 15.0
15.0 15.0 15.0 15.0 15.0 15.0
15.0 15.0 15.0 15.0 15.0 15.0
15.0 15.0 15.0 15.0 15.0 15.0
15.0 15.0 15.0 15.0 15.0 15.0
15.0 15.0 15.0 15.0 15.0 15.0
15.0 15.0 15.0 15.0 15.0 15.0
15.0 15.0 15.0 15.0 15.0 15.0
15.0 15.0 15.0 15.0 15.0 15.0
15.0 15.0 15.0 15.0 15.0 15.0
15.0 15.0 15.0 15.0 15.0 15.0
15.0 15.0 15.0 15.0 15.0 15.0
15.0 15.0 15.0 15.0 15.0 15.0
15.0 15.0 15.0 15.0 15.0 15.0
15.0 15.0 15.0 15.0 15.0 15.0
15.0 15.0 15.0 15.0 15.0 15.0
15.0 15.0 15.0 15.0 15.0 15.0
15.0 15.0 15.0 15.0 15.0 15.0
15.0 15.0 15.0 15.0 15.0 15.0
15.0 15.0 15.0 15.0 15.0 15.0
15.0 15.0 15.0 15.0 15.0 15.0
15.0 15.0 15.0 15.0 15.0 15.0
15.0 15.0 15.0 15.0 15.0 15.0
15.0 15.0 15.0 15.0 15.0 15.0
15.0 15.0 15.0 15.0 15.0 15.0
15.0 15.0 15.0 15.0 15.0 15.0
15.0 15.0 15.0 15.0 15.0 15.0
15.0 15.0 15.0 15.0 15.0 15.0
15.0 15.0 15.0 15.0 15.0 15.0
15.0 15.0 15.0 15.0 15.0 15.0
15.0 15.0 15.0 15.0 15.0 15.0
15.0 15.0 15.0 15.0 15.0 15.0
15.0 15.0 15.0 15.0 15.0 15.0
15.0 15.0 15.0 15.0 15.0 15.0
15.0 15.0 15.0 15.0 15.0 15.0
15.0 15.0 15.0 15.0 15.0 15.0
15.0 15.0 15.0 15.0 15.0 15.0
15.0 15.0 15.0 15.0 15.0 15.0
15.0 15.0 15.0 15.0 15.0 15.0
15.0 15.0 15.0 15.0 15.0 15.0
15.0 15.0 15.0 15.0 15.0 15.0
15.0 15.0 15.0 15.0 15.0 15.0
15.0 15.0 15.0 15.0 15.0 15.0
15.0 15.0 15.0 15.0 15.0 15.0
15.0 15.0 15.0 15.0 15.0 15.0
15.0 15.0 15.0 15.0 15.0 15.0
15.0 15.0 15.0 15.0 15.0 15.0
15.0 15.0 15.0 15.0 15.0 15.0
15.0 15.0 15.0 15.0 15.0 15.0
15.0 15.0 15.0 15.0 15.0 15.0
15.0 15.0 15.0 15.0 15.0 15.0
15.0 15.0 15.0 15.0 15.0 15.0
15.0 15.0 15.0 15.0 15.0 15.0
15.0 15.0 15.0 15.0 15.0 15.0
15.0 15.0 15.0 15.0 15.0 15.0
15.0 15.0 15.0 15.0 15.0 15.0
15.0 15.0 15.0 15.0 15.0 15.0
15.0 15.0 15.0 15.0 15.0 15.0
15.0 15.0 15.0 15.0 15.0 15.0
15.0 15.0 15.0 15.0 15.0 15.0
15.0 15.0 15.0 15.0 15.0 15.0
15.0 15.0 15.0 15.0 15.0 15.0
15.0 15.0 15.0 15.0 15.0 15.0
15.0 15.0 15.0 15.0 15.0 15.0
15.0 15.0 15.0 15.0 15.0 15.0
15.0 15.0 15.0 15.0 15.0 15.0
15.0 15.0 15.0 15.0 15.0 15.0
15.0 15.0 15.0 15.0 15.0 15.0
15.0 15.0 15.0 15.0 15.0 15.0
15.0 15.0 15.0 15.0 15.0 15.0
15.0 15.0 15.0 15.0 15.0 15.0
15.0 15.0 15.0 15.0 15.0 15.0
15.0 15.0 15.0 15.0 15.0 15.0
15.0 15.0 15.0 15.0 15.0 15.0
15.0 15.0 15.0 15.0 15.0 15.0
15.0 15.0 15.0 15.0 15.0 15.0
15.0 15.0 15.0 15.0 15.0 15.0
15.0 15.0 15.0 15.0 15.0 15.0
15.0 15.0 15.0 15.0 15.0 15.0
15.0 15.0 15.0 15.0 15.0 15.0
15.0 15.0 15.0 15.0 15.0 15.0
15.0 15.0 15.0 15.0 15.0 15.0
15.0 15.0 15.0 15.0 15.0 15.0
15.0 15.0 15.0 15.0 15.0 15.0
15.0 15.0 15.0 15.0 15.0 15.0
15.0 15.0 15.0 15.0 15.0 15.0
15.0 15.0 15.0 15.0 15.0 15.0
15.0 15.0 15.0 15.0 15.0 15.0
15.0 15.0 15.0 15.0 15.0 15.0
15.0 15.0 15.0 15.0 15.0 15.0
15.0 15.0 15.0 15.0 15.0 15.0
15.0 15.0 15.0 15.0 15.0 15.0
15.0 15.0 15.0 15.0 15.0 15.0
15.0 15.0 15.0 15.0 15.0 15.0
15.0 15.0 15.0 15.0 15.0 15.0
0 0 0 0 0 0
0 0 0 0 0 0
0 0 0 0 0 0
0 0 0 0 0 0
0 0 0 0 0 0
0 0 0 0 0 0
0 0 0 0 0 0
0 0 0 0 0 0
0 0 0 0 0 0
0 0 0 0 0 0
0 0 0 0 0 0
0 0 0 0 0 0
0 0 0 0 0 0
0 0 0 0 0 0
0 0 0 0 0 0
mind
51 41 16 23 22 38 15 39 57 0 49 6 51 7 10 35 28 27 40 3 55 48 35 49 35 47 54 5 22 44 33 27 1 16 8 9 31 4 29 32 51 16 49 9 48 24 35 28 51 38 33 60 17 0 0 0 0 0 0 0 0 0 0 0 40 3 3 19 36 2 55 26 48 41 24 54 35
maxd
102 82 32 46 44 76 30 78 114 0 98 12 102 14 20 70 56 54 80 6 110 96 70 98 70 94 108 10 44 88 66 54 2 32 16 18 62 8 58 64 102 32 98 18 96 48 70 56 102 76 66 120 34 0 0 0 0 0 0 0 0 0 0 0 80 6 6 38 72 4 110 52 96 82 48 108 70
e
0  393 60 93 90 46 256 37 208 261 454 43 59 471 408 135 240 286 193 253 118 413 49 315 188 335 109 254 470 188 470 308 182 72 116 157 355 70 190 75 313 299 457 392 252 28 299 438 474 41 43 305 221 51 455 401 329 8 192 428 408 80 294 56 79 256 444 430 125 299 8 202 400 88 377 431 0
l
600  513 180 213 210 166 376 157 328 381 574 163 179 591 528 255 360 406 313 373 238 533 169 435 308 455 229 374 590 308 590 428 302 192 236 277 475 190 310 195 433 419 577 512 372 148 419 558 594 161 163 425 341 171 575 521 449 128 312 548 528 200 414 176 199 376 564 550 245 419 128 322 520 208 497 551 1000
